0 0.0000084
10000 0.0002040
20000 0.0002736
30000 0.0003220
40000 0.0003956
50000 0.0005118
60000 0.0005828
70000 0.0006884
80000 0.0007854
90000 0.0008536
100000 0.0009960
110000 0.0010800
120000 0.0011584
130000 0.0012640
140000 0.0013580
150000 0.0014684
160000 0.0015550
170000 0.0016186
180000 0.0018368
190000 0.0018208
200000 0.0018720
210000 0.0020108
220000 0.0021202
230000 0.0021882
240000 0.0023738
250000 0.0025614
260000 0.0027280
270000 0.0027756
280000 0.0027338
290000 0.0028814
300000 0.0029976
310000 0.0029840
320000 0.0030362
330000 0.0031788
340000 0.0032216
350000 0.0033696
360000 0.0034268
370000 0.0035270
380000 0.0036000
390000 0.0037246
400000 0.0037828
410000 0.0038702
420000 0.0039438
430000 0.0040900
440000 0.0042002
450000 0.0042626
460000 0.0043414
470000 0.0044564
480000 0.0045652
490000 0.0046676
500000 0.0047852
510000 0.0049038
520000 0.0049710
530000 0.0050422
540000 0.0050816
550000 0.0060910
560000 0.0059512
570000 0.0056210
580000 0.0056126
590000 0.0055888
600000 0.0057066
610000 0.0058150
620000 0.0059052
630000 0.0060638
640000 0.0061426
650000 0.0062916
660000 0.0062604
670000 0.0063450
680000 0.0064604
690000 0.0065438
700000 0.0067896
710000 0.0067756
720000 0.0067888
730000 0.0070180
740000 0.0075962
750000 0.0075724
760000 0.0077618
770000 0.0075528
780000 0.0077440
790000 0.0077982
800000 0.0080358
810000 0.0081836
820000 0.0078728
830000 0.0079230
840000 0.0080758
850000 0.0082624
860000 0.0083206
870000 0.0083252
880000 0.0083902
890000 0.0086918
900000 0.0091782
910000 0.0100732
920000 0.0093628
930000 0.0096654
940000 0.0092968
950000 0.0093704
960000 0.0093514
970000 0.0092418
980000 0.0093404
990000 0.0095864
1000000 0.0095136
