0 0.0000028
10000 0.0044746
20000 0.0076416
30000 0.0123564
40000 0.0180676
50000 0.0235102
60000 0.0286412
70000 0.0330536
80000 0.0367256
90000 0.0404118
100000 0.0429068
110000 0.0454850
120000 0.0471786
130000 0.0488150
140000 0.0501550
150000 0.0518198
160000 0.0527528
170000 0.0534548
180000 0.0542676
190000 0.0550402
200000 0.0558540
210000 0.0571528
220000 0.0572444
230000 0.0654786
240000 0.0616614
250000 0.0616478
260000 0.0604132
270000 0.0609330
280000 0.0615758
290000 0.0620196
300000 0.0627410
310000 0.0633676
320000 0.0640746
330000 0.0649474
340000 0.0654896
350000 0.0663852
360000 0.0675534
370000 0.0682104
380000 0.0688408
390000 0.0700174
400000 0.0753982
410000 0.0761670
420000 0.0746112
430000 0.0730268
440000 0.0737936
450000 0.0748738
460000 0.0760654
470000 0.0764484
480000 0.0776342
490000 0.0786632
500000 0.0796594
510000 0.0804522
520000 0.0818192
530000 0.0825846
540000 0.0923444
550000 0.0868444
560000 0.0858062
570000 0.0869304
580000 0.0880140
590000 0.0891080
600000 0.0902122
610000 0.0914150
620000 0.0929128
630000 0.0940528
640000 0.0951696
650000 0.1060868
660000 0.0988882
670000 0.0985774
680000 0.1004300
690000 0.1013676
700000 0.1028158
710000 0.1041490
720000 0.1053764
730000 0.1069758
740000 0.1152162
750000 0.1136180
760000 0.1119268
770000 0.1150708
780000 0.1147232
790000 0.1153280
800000 0.1167580
810000 0.1194578
820000 0.1209154
830000 0.1298170
840000 0.1235500
850000 0.1300464
860000 0.1269262
870000 0.1282186
880000 0.1300618
890000 0.1317148
900000 0.1396570
910000 0.1396666
920000 0.1374638
930000 0.1383612
940000 0.1401278
950000 0.1417588
960000 0.1433874
970000 0.1490058
980000 0.1529160
990000 0.1481622
1000000 0.1507714
