0 0.0000016
10000 0.0348806
20000 0.0559010
30000 0.0731634
40000 0.0909316
50000 0.1063016
60000 0.1208932
70000 0.1355144
80000 0.1489722
90000 0.1745296
100000 0.1758758
110000 0.1830112
120000 0.1935140
130000 0.2042850
140000 0.2153858
150000 0.2254332
160000 0.2381098
170000 0.2471208
180000 0.2742690
190000 0.2692296
200000 0.2782260
210000 0.2887938
220000 0.3002238
230000 0.3086786
240000 0.3384134
250000 0.3286842
260000 0.3405962
270000 0.3522518
280000 0.3603608
290000 0.3845604
300000 0.3796362
310000 0.3868186
320000 0.3989026
330000 0.4082840
340000 0.4371946
350000 0.4268354
360000 0.4368878
370000 0.4468954
380000 0.4758648
390000 0.4669154
400000 0.4765392
410000 0.4955736
420000 0.5069402
430000 0.5065066
440000 0.5161754
450000 0.5436964
460000 0.5362846
470000 0.5458514
480000 0.5733226
490000 0.5664588
500000 0.5749338
510000 0.6008630
520000 0.5987542
530000 0.6042506
540000 0.6304094
550000 0.6270902
560000 0.6334780
570000 0.6607212
580000 0.6534210
590000 0.6626386
600000 0.6937006
610000 0.6823704
620000 0.7075302
630000 0.7062182
640000 0.7118626
650000 0.7394882
660000 0.7302636
670000 0.7592032
680000 0.7500448
690000 0.7594028
700000 0.7895126
710000 0.7786060
720000 0.8071368
730000 0.7972220
740000 0.8271818
750000 0.8166986
760000 0.8472320
770000 0.8358884
780000 0.8626374
790000 0.8561372
800000 0.8785896
810000 0.8830852
820000 0.8980740
830000 0.8961318
840000 0.9207436
850000 0.9107972
860000 0.9413148
870000 0.9307004
880000 0.9596174
890000 0.9560814
900000 0.9766268
910000 0.9689942
920000 0.9977936
930000 0.9976260
940000 1.0427742
950000 1.0789790
960000 1.0220508
970000 1.0500488
980000 1.0433602
990000 1.0661610
1000000 1.0735182
