0 0.000001
1000 0.000010
2000 0.000019
3000 0.000027
4000 0.000037
5000 0.000045
6000 0.000053
7000 0.000062
8000 0.000063
9000 0.000066
10000 0.000073
11000 0.000082
12000 0.000079
13000 0.000079
14000 0.000084
15000 0.000090
16000 0.000096
17000 0.000090
18000 0.000094
19000 0.000099
20000 0.000104
21000 0.000098
22000 0.000102
23000 0.000106
24000 0.000109
25000 0.000107
26000 0.000111
27000 0.000111
28000 0.000111
29000 0.000115
30000 0.000113
31000 0.000116
32000 0.000120
33000 0.000123
34000 0.000122
35000 0.000124
36000 0.000123
37000 0.000127
38000 0.000126
39000 0.000129
40000 0.000134
41000 0.000132
42000 0.000134
43000 0.000133
44000 0.000138
45000 0.000145
46000 0.000151
47000 0.000152
48000 0.000144
49000 0.000145
50000 0.000148
51000 0.000166
52000 0.000157
53000 0.000159
54000 0.000163
55000 0.000165
56000 0.000180
57000 0.000171
58000 0.000175
59000 0.000176
60000 0.000183
61000 0.000192
62000 0.000188
63000 0.000184
64000 0.000194
65000 0.000207
66000 0.000203
67000 0.000200
68000 0.000206
69000 0.000214
70000 0.000209
71000 0.000211
72000 0.000217
73000 0.000229
74000 0.000223
75000 0.000224
76000 0.000225
77000 0.000234
78000 0.000232
79000 0.000237
80000 0.000252
81000 0.000243
82000 0.000246
83000 0.000255
84000 0.000258
85000 0.000255
86000 0.000257
87000 0.000272
88000 0.000258
89000 0.000263
90000 0.000280
91000 0.000270
92000 0.000275
93000 0.000283
94000 0.000279
95000 0.000288
96000 0.000295
97000 0.000292
98000 0.000295
99000 0.000302
100000 0.000300
101000 0.000312
102000 0.000306
103000 0.000311
104000 0.000323
105000 0.000318
106000 0.000317
107000 0.000322
108000 0.000315
109000 0.000335
110000 0.000328
111000 0.000337
112000 0.000338
113000 0.000337
114000 0.000355
115000 0.000348
116000 0.000357
117000 0.000342
118000 0.000352
119000 0.000363
120000 0.000358
121000 0.000374
122000 0.000366
123000 0.000374
124000 0.000364
125000 0.000382
126000 0.000378
127000 0.000381
128000 0.000385
129000 0.000384
130000 0.000399
131000 0.000386
132000 0.000410
133000 0.000397
134000 0.000414
135000 0.000408
136000 0.000417
137000 0.000410
138000 0.000426
139000 0.000415
140000 0.000426
141000 0.000425
142000 0.000435
143000 0.000433
144000 0.000439
145000 0.000437
146000 0.000442
147000 0.000451
148000 0.000444
149000 0.000451
150000 0.000438
151000 0.000460
152000 0.000455
153000 0.000470
154000 0.000464
155000 0.000474
156000 0.000470
157000 0.000474
158000 0.000484
159000 0.000476
160000 0.000492
161000 0.000484
162000 0.000480
163000 0.000492
164000 0.000489
165000 0.000504
166000 0.000500
167000 0.000507
168000 0.000511
169000 0.000503
170000 0.000517
171000 0.000521
172000 0.000513
173000 0.000548
174000 0.000537
175000 0.000529
176000 0.000532
177000 0.000528
178000 0.000539
179000 0.000544
180000 0.000540
181000 0.000552
182000 0.000557
183000 0.000548
184000 0.000561
185000 0.000562
186000 0.000558
187000 0.000569
188000 0.000572
189000 0.000572
190000 0.000578
191000 0.000578
192000 0.000583
193000 0.000582
194000 0.000592
195000 0.000591
196000 0.000590
197000 0.000592
198000 0.000603
199000 0.000607
200000 0.000601
201000 0.000612
202000 0.000610
203000 0.000619
204000 0.000613
205000 0.000620
206000 0.000617
207000 0.000631
208000 0.000621
209000 0.000634
210000 0.000639
211000 0.000641
212000 0.000635
213000 0.000648
214000 0.000644
215000 0.000651
216000 0.000654
217000 0.000650
218000 0.000656
219000 0.000660
220000 0.000671
221000 0.000672
222000 0.000670
223000 0.000675
224000 0.000681
225000 0.000682
226000 0.000688
227000 0.000689
228000 0.000682
229000 0.000696
230000 0.000698
231000 0.000694
232000 0.000700
233000 0.000707
234000 0.000699
235000 0.000711
236000 0.000715
237000 0.000718
238000 0.000724
239000 0.000727
240000 0.000728
241000 0.000728
242000 0.000725
243000 0.000735
244000 0.000739
245000 0.000769
246000 0.000782
247000 0.000771
248000 0.000757
249000 0.000758
250000 0.000759
251000 0.000760
252000 0.000756
253000 0.000756
254000 0.000765
255000 0.000762
256000 0.000769
257000 0.000780
258000 0.000779
259000 0.000815
260000 0.000793
261000 0.000793
262000 0.000793
263000 0.000823
264000 0.000830
265000 0.000832
266000 0.000826
267000 0.000836
268000 0.000832
269000 0.000834
270000 0.000838
271000 0.000847
272000 0.000852
273000 0.000862
274000 0.000854
275000 0.000866
276000 0.000872
277000 0.000876
278000 0.000888
279000 0.000878
280000 0.000878
281000 0.000884
282000 0.000887
283000 0.000891
284000 0.000915
285000 0.000947
286000 0.000958
287000 0.000913
288000 0.000906
289000 0.000914
290000 0.000917
291000 0.000918
292000 0.000902
293000 0.000916
294000 0.000922
295000 0.000942
296000 0.000927
297000 0.000931
298000 0.000929
299000 0.000938
300000 0.000941
301000 0.000948
302000 0.000955
303000 0.000946
304000 0.000953
305000 0.000955
306000 0.000954
307000 0.000962
308000 0.000975
309000 0.000973
310000 0.000975
311000 0.000975
312000 0.000979
313000 0.000997
314000 0.000989
315000 0.000992
316000 0.000991
317000 0.000990
318000 0.001005
319000 0.001002
320000 0.001003
321000 0.001002
322000 0.001018
323000 0.001007
324000 0.001015
325000 0.001012
326000 0.001034
327000 0.001018
328000 0.001027
329000 0.001027
330000 0.001046
331000 0.001038
332000 0.001049
333000 0.001045
334000 0.001051
335000 0.001046
336000 0.001054
337000 0.001067
338000 0.001050
339000 0.001068
340000 0.001063
341000 0.001067
342000 0.001072
343000 0.001076
344000 0.001074
345000 0.001080
346000 0.001074
347000 0.001103
348000 0.001087
349000 0.001093
350000 0.001104
351000 0.001098
352000 0.001097
353000 0.001108
354000 0.001106
355000 0.001111
356000 0.001144
357000 0.001176
358000 0.001137
359000 0.001122
360000 0.001122
361000 0.001136
362000 0.001130
363000 0.001145
364000 0.001140
365000 0.001135
366000 0.001153
367000 0.001145
368000 0.001164
369000 0.001158
370000 0.001157
371000 0.001165
372000 0.001174
373000 0.001185
374000 0.001163
375000 0.001199
376000 0.001223
377000 0.001226
378000 0.001181
379000 0.001192
380000 0.001217
381000 0.001217
382000 0.001195
383000 0.001228
384000 0.001254
385000 0.001216
386000 0.001215
387000 0.001209
388000 0.001222
389000 0.001225
390000 0.001224
391000 0.001217
392000 0.001233
393000 0.001236
394000 0.001248
395000 0.001241
396000 0.001244
397000 0.001236
398000 0.001255
399000 0.001265
400000 0.001256
401000 0.001261
402000 0.001337
403000 0.001320
404000 0.001263
405000 0.001279
406000 0.001285
407000 0.001273
408000 0.001316
409000 0.001316
410000 0.001297
411000 0.001282
412000 0.001294
413000 0.001299
414000 0.001283
415000 0.001305
416000 0.001294
417000 0.001321
418000 0.001322
419000 0.001302
420000 0.001321
421000 0.001312
422000 0.001326
423000 0.001341
424000 0.001320
425000 0.001332
426000 0.001367
427000 0.001401
428000 0.001354
429000 0.001358
430000 0.001347
431000 0.001360
432000 0.001364
433000 0.001350
434000 0.001364
435000 0.001366
436000 0.001364
437000 0.001371
438000 0.001371
439000 0.001374
440000 0.001378
441000 0.001387
442000 0.001379
443000 0.001393
444000 0.001395
445000 0.001383
446000 0.001399
447000 0.001416
448000 0.001404
449000 0.001433
450000 0.001463
451000 0.001489
452000 0.001835
453000 0.001773
454000 0.001708
455000 0.001676
456000 0.001652
457000 0.001640
458000 0.001631
459000 0.001622
460000 0.001614
461000 0.001616
462000 0.001605
463000 0.001611
464000 0.001618
465000 0.001613
466000 0.001613
467000 0.001606
468000 0.001609
469000 0.001607
470000 0.001600
471000 0.001543
472000 0.001516
473000 0.001551
474000 0.001547
475000 0.001530
476000 0.001535
477000 0.001535
478000 0.001540
479000 0.001547
480000 0.001545
481000 0.001549
482000 0.001562
483000 0.001583
484000 0.001631
485000 0.001611
486000 0.001604
487000 0.001566
488000 0.001601
489000 0.001601
490000 0.001604
491000 0.001594
492000 0.001598
493000 0.001610
494000 0.001610
495000 0.001604
496000 0.001608
497000 0.001567
498000 0.001567
499000 0.001567
500000 0.001568
501000 0.001576
502000 0.001574
503000 0.001577
504000 0.001596
505000 0.001589
506000 0.001577
507000 0.001591
508000 0.001586
509000 0.001600
510000 0.001600
511000 0.001603
512000 0.001602
513000 0.001607
514000 0.001615
515000 0.001612
516000 0.001613
517000 0.001616
518000 0.001621
519000 0.001619
520000 0.001626
521000 0.001630
522000 0.001635
523000 0.001633
524000 0.001648
525000 0.001660
526000 0.001657
527000 0.001651
528000 0.001663
529000 0.001669
530000 0.001661
531000 0.001661
532000 0.001669
533000 0.001670
534000 0.001671
535000 0.001676
536000 0.001686
537000 0.001683
538000 0.001686
539000 0.001688
540000 0.001689
541000 0.001693
542000 0.001705
543000 0.001705
544000 0.001698
545000 0.001713
546000 0.001712
547000 0.001714
548000 0.001723
549000 0.001725
550000 0.001731
551000 0.001730
552000 0.001731
553000 0.001725
554000 0.001733
555000 0.001745
556000 0.001741
557000 0.001744
558000 0.001741
559000 0.001757
560000 0.001765
561000 0.001812
562000 0.001766
563000 0.001764
564000 0.001769
565000 0.001764
566000 0.001761
567000 0.001778
568000 0.001781
569000 0.001784
570000 0.001788
571000 0.001784
572000 0.001795
573000 0.001823
574000 0.001813
575000 0.001803
576000 0.001799
577000 0.001809
578000 0.001819
579000 0.001811
580000 0.001815
581000 0.001811
582000 0.001826
583000 0.001826
584000 0.001824
585000 0.001834
586000 0.001848
587000 0.001842
588000 0.001834
589000 0.001843
590000 0.001843
591000 0.001848
592000 0.001852
593000 0.001850
594000 0.001875
595000 0.001860
596000 0.001863
597000 0.001869
598000 0.001878
599000 0.001876
600000 0.001871
601000 0.001889
602000 0.001889
603000 0.001885
604000 0.001891
605000 0.001887
606000 0.001893
607000 0.001906
608000 0.001903
609000 0.001904
610000 0.001907
611000 0.001923
612000 0.001912
613000 0.001924
614000 0.001917
615000 0.001934
616000 0.001929
617000 0.001922
618000 0.001929
619000 0.001940
620000 0.001942
621000 0.001939
622000 0.001954
623000 0.001956
624000 0.001958
625000 0.001983
626000 0.001973
627000 0.001989
628000 0.001959
629000 0.001979
630000 0.001969
631000 0.001977
632000 0.001993
633000 0.001991
634000 0.001998
635000 0.002002
636000 0.001996
637000 0.001995
638000 0.002000
639000 0.002007
640000 0.002002
641000 0.002014
642000 0.002014
643000 0.002022
644000 0.002010
645000 0.002029
646000 0.002021
647000 0.002031
648000 0.002030
649000 0.002040
650000 0.002046
651000 0.002057
652000 0.002037
653000 0.002057
654000 0.002038
655000 0.002109
656000 0.002126
657000 0.002064
658000 0.002049
659000 0.002073
660000 0.002056
661000 0.002075
662000 0.002070
663000 0.002075
664000 0.002094
665000 0.002082
666000 0.002087
667000 0.002087
668000 0.002097
669000 0.002093
670000 0.002103
671000 0.002103
672000 0.002107
673000 0.002106
674000 0.002121
675000 0.002125
676000 0.002110
677000 0.002124
678000 0.002123
679000 0.002125
680000 0.002135
681000 0.002128
682000 0.002138
683000 0.002144
684000 0.002138
685000 0.002161
686000 0.002159
687000 0.002190
688000 0.002160
689000 0.002166
690000 0.002183
691000 0.002171
692000 0.002163
693000 0.002168
694000 0.002175
695000 0.002168
696000 0.002199
697000 0.002186
698000 0.002180
699000 0.002190
700000 0.002189
701000 0.002208
702000 0.002212
703000 0.002198
704000 0.002201
705000 0.002211
706000 0.002226
707000 0.002219
708000 0.002219
709000 0.002235
710000 0.002230
711000 0.002221
712000 0.002230
713000 0.002235
714000 0.002244
715000 0.002234
716000 0.002249
717000 0.002238
718000 0.002269
719000 0.002281
720000 0.002344
721000 0.002865
722000 0.002789
723000 0.002669
724000 0.002611
725000 0.002588
726000 0.002559
727000 0.002554
728000 0.002540
729000 0.002523
730000 0.002525
731000 0.002519
732000 0.002536
733000 0.002412
734000 0.002363
735000 0.002412
736000 0.002375
737000 0.002375
738000 0.002392
739000 0.002385
740000 0.002400
741000 0.002441
742000 0.002428
743000 0.002400
744000 0.002436
745000 0.002441
746000 0.002426
747000 0.002424
748000 0.002408
749000 0.002413
750000 0.002352
751000 0.002363
752000 0.002355
753000 0.002360
754000 0.002364
755000 0.002368
756000 0.002385
757000 0.002370
758000 0.002371
759000 0.002378
760000 0.002389
761000 0.002384
762000 0.002391
763000 0.002384
764000 0.002402
765000 0.002404
766000 0.002402
767000 0.002407
768000 0.002407
769000 0.002408
770000 0.002418
771000 0.002407
772000 0.002414
773000 0.002424
774000 0.002429
775000 0.002436
776000 0.002429
777000 0.002424
778000 0.002424
779000 0.002463
780000 0.002458
781000 0.002443
782000 0.002446
783000 0.002456
784000 0.002456
785000 0.002467
786000 0.002476
787000 0.002485
788000 0.002476
789000 0.002483
790000 0.002528
791000 0.002488
792000 0.002477
793000 0.002500
794000 0.002488
795000 0.002497
796000 0.002496
797000 0.002503
798000 0.002514
799000 0.002507
800000 0.002508
801000 0.002510
802000 0.002515
803000 0.002518
804000 0.002512
805000 0.002520
806000 0.002528
807000 0.002516
808000 0.002543
809000 0.002530
810000 0.002538
811000 0.002548
812000 0.002544
813000 0.002551
814000 0.002552
815000 0.002548
816000 0.002556
817000 0.002561
818000 0.002559
819000 0.002564
820000 0.002572
821000 0.002573
822000 0.002571
823000 0.002569
824000 0.002578
825000 0.002590
826000 0.002589
827000 0.002592
828000 0.002610
829000 0.002668
830000 0.002605
831000 0.002611
832000 0.002612
833000 0.002612
834000 0.002613
835000 0.002617
836000 0.002631
837000 0.002641
838000 0.002678
839000 0.002621
840000 0.002627
841000 0.002638
842000 0.002638
843000 0.002651
844000 0.002645
845000 0.002657
846000 0.002652
847000 0.002654
848000 0.002654
849000 0.002670
850000 0.002676
851000 0.002665
852000 0.002675
853000 0.002668
854000 0.002682
855000 0.002679
856000 0.002689
857000 0.002694
858000 0.002687
859000 0.002688
860000 0.002710
861000 0.002713
862000 0.002700
863000 0.002697
864000 0.002706
865000 0.002712
866000 0.002703
867000 0.002727
868000 0.002717
869000 0.002722
870000 0.002722
871000 0.002738
872000 0.002725
873000 0.002728
874000 0.002757
875000 0.002741
876000 0.002742
877000 0.002752
878000 0.002939
879000 0.002762
880000 0.002748
881000 0.002786
882000 0.002767
883000 0.002775
884000 0.002836
885000 0.002766
886000 0.002796
887000 0.002788
888000 0.002779
889000 0.002788
890000 0.002793
891000 0.002799
892000 0.002823
893000 0.002797
894000 0.002797
895000 0.002798
896000 0.002813
897000 0.002808
898000 0.002807
899000 0.002816
900000 0.002813
901000 0.002822
902000 0.002824
903000 0.002838
904000 0.002830
905000 0.002829
906000 0.002840
907000 0.002853
908000 0.002845
909000 0.002852
910000 0.002860
911000 0.002861
912000 0.002851
913000 0.002948
914000 0.003567
915000 0.003435
916000 0.003323
917000 0.003258
918000 0.003242
919000 0.003208
920000 0.003209
921000 0.003187
922000 0.003171
923000 0.003124
924000 0.002982
925000 0.002982
926000 0.003026
927000 0.002991
928000 0.002973
929000 0.002977
930000 0.002992
931000 0.003079
932000 0.003036
933000 0.003053
934000 0.003044
935000 0.003024
936000 0.003040
937000 0.003022
938000 0.002953
939000 0.002945
940000 0.002951
941000 0.002962
942000 0.002956
943000 0.002959
944000 0.002954
945000 0.002957
946000 0.002957
947000 0.002968
948000 0.002970
949000 0.002976
950000 0.002970
951000 0.002986
952000 0.002982
953000 0.002975
954000 0.002991
955000 0.002992
956000 0.002989
957000 0.002995
958000 0.002996
959000 0.003011
960000 0.003001
961000 0.003010
962000 0.003008
963000 0.003012
964000 0.003022
965000 0.003025
966000 0.003027
967000 0.003104
968000 0.003032
969000 0.003040
970000 0.003040
971000 0.003048
972000 0.003041
973000 0.003048
974000 0.003058
975000 0.003052
976000 0.003060
977000 0.003056
978000 0.003070
979000 0.003063
980000 0.003064
981000 0.003076
982000 0.003074
983000 0.003095
984000 0.003103
985000 0.003075
986000 0.003092
987000 0.003087
988000 0.003094
989000 0.003087
990000 0.003117
991000 0.003110
992000 0.003106
993000 0.003099
994000 0.003114
995000 0.003110
996000 0.003121
997000 0.003123
998000 0.003121
999000 0.003141
1000000 0.003173
