0 0.000000
1000 0.000054
2000 0.000104
3000 0.000129
4000 0.000149
5000 0.000163
6000 0.000176
7000 0.000187
8000 0.000192
9000 0.000204
10000 0.000212
11000 0.000220
12000 0.000230
13000 0.000243
14000 0.000259
15000 0.000280
16000 0.000301
17000 0.000321
18000 0.000337
19000 0.000349
20000 0.000371
21000 0.000389
22000 0.000412
23000 0.000423
24000 0.000435
25000 0.000469
26000 0.000492
27000 0.000512
28000 0.000515
29000 0.000553
30000 0.000557
31000 0.000590
32000 0.000598
33000 0.000617
34000 0.000633
35000 0.000660
36000 0.000673
37000 0.000692
38000 0.000714
39000 0.000719
40000 0.000750
41000 0.000759
42000 0.000781
43000 0.000795
44000 0.000816
45000 0.000836
46000 0.000855
47000 0.000906
48000 0.000898
49000 0.000922
50000 0.000938
51000 0.000953
52000 0.000978
53000 0.000995
54000 0.001011
55000 0.001027
56000 0.001047
57000 0.001064
58000 0.001079
59000 0.001102
60000 0.001117
61000 0.001135
62000 0.001148
63000 0.001173
64000 0.001195
65000 0.001210
66000 0.001236
67000 0.001255
68000 0.001275
69000 0.001293
70000 0.001305
71000 0.001331
72000 0.001349
73000 0.001362
74000 0.001390
75000 0.001404
76000 0.001421
77000 0.001441
78000 0.001454
79000 0.001488
80000 0.001513
81000 0.001521
82000 0.001535
83000 0.001557
84000 0.001582
85000 0.001593
86000 0.001604
87000 0.001625
88000 0.001647
89000 0.001664
90000 0.001682
91000 0.001701
92000 0.001725
93000 0.001740
94000 0.001757
95000 0.001781
96000 0.001798
97000 0.001822
98000 0.001837
99000 0.001863
100000 0.001883
101000 0.001895
102000 0.001916
103000 0.001940
104000 0.001947
105000 0.001973
106000 0.002000
107000 0.002015
108000 0.002037
109000 0.002046
110000 0.002076
111000 0.002086
112000 0.002100
113000 0.002125
114000 0.002186
115000 0.002605
116000 0.002586
117000 0.002508
118000 0.002481
119000 0.002509
120000 0.002476
121000 0.002351
122000 0.002361
123000 0.002388
124000 0.002404
125000 0.002467
126000 0.002477
127000 0.002482
128000 0.002492
129000 0.002460
130000 0.002486
131000 0.002508
132000 0.002523
133000 0.002524
134000 0.002548
135000 0.002571
136000 0.002577
137000 0.002614
138000 0.002617
139000 0.002621
140000 0.002629
141000 0.002652
142000 0.002665
143000 0.002684
144000 0.002707
145000 0.002712
146000 0.002735
147000 0.002758
148000 0.002765
149000 0.002777
150000 0.002796
151000 0.002809
152000 0.002827
153000 0.002842
154000 0.002855
155000 0.002864
156000 0.002879
157000 0.002894
158000 0.002940
159000 0.002935
160000 0.002944
161000 0.002962
162000 0.002992
163000 0.002991
164000 0.003012
165000 0.003022
166000 0.003038
167000 0.003055
168000 0.003077
169000 0.003087
170000 0.003099
171000 0.003111
172000 0.003129
173000 0.003157
174000 0.003185
175000 0.003186
176000 0.003205
177000 0.003217
178000 0.003224
179000 0.003244
180000 0.003262
181000 0.003280
182000 0.003305
183000 0.003306
184000 0.003315
185000 0.003339
186000 0.003345
187000 0.003359
188000 0.003387
189000 0.003397
190000 0.003414
191000 0.003446
192000 0.003433
193000 0.003491
194000 0.003720
195000 0.004238
196000 0.004001
197000 0.003953
198000 0.003747
199000 0.003670
200000 0.003761
201000 0.003737
202000 0.003734
203000 0.003650
204000 0.003655
205000 0.003672
206000 0.003712
207000 0.003698
208000 0.003729
209000 0.003739
210000 0.003751
211000 0.003781
212000 0.003779
213000 0.003804
214000 0.003805
215000 0.003814
216000 0.003848
217000 0.003862
218000 0.003872
219000 0.003893
220000 0.003906
221000 0.003922
222000 0.003955
223000 0.003953
224000 0.003972
225000 0.003979
226000 0.003999
227000 0.004031
228000 0.004039
229000 0.004050
230000 0.004059
231000 0.004080
232000 0.004100
233000 0.004104
234000 0.004146
235000 0.004141
236000 0.004181
237000 0.004169
238000 0.004194
239000 0.004207
240000 0.004226
241000 0.004232
242000 0.004254
243000 0.004274
244000 0.004285
245000 0.004300
246000 0.004312
247000 0.004323
248000 0.004360
249000 0.004380
250000 0.004817
251000 0.005151
252000 0.004957
253000 0.004717
254000 0.004562
255000 0.004670
256000 0.004651
257000 0.004516
258000 0.004511
259000 0.004558
260000 0.004565
261000 0.004565
262000 0.004592
263000 0.004618
264000 0.004631
265000 0.004641
266000 0.004657
267000 0.004686
268000 0.004682
269000 0.004707
270000 0.004718
271000 0.004729
272000 0.004754
273000 0.004763
274000 0.004767
275000 0.004946
276000 0.004816
277000 0.004804
278000 0.004830
279000 0.004840
280000 0.004862
281000 0.004870
282000 0.004910
283000 0.004922
284000 0.004926
285000 0.004943
286000 0.004950
287000 0.004961
288000 0.004975
289000 0.005001
290000 0.005010
291000 0.005016
292000 0.005045
293000 0.005064
294000 0.005090
295000 0.005088
296000 0.005790
297000 0.005886
298000 0.005705
299000 0.005311
300000 0.005409
301000 0.005405
302000 0.005249
303000 0.005257
304000 0.005284
305000 0.005259
306000 0.005288
307000 0.005286
308000 0.005313
309000 0.005318
310000 0.005348
311000 0.005347
312000 0.005374
313000 0.005389
314000 0.005403
315000 0.005416
316000 0.005434
317000 0.005454
318000 0.005473
319000 0.005489
320000 0.005491
321000 0.005512
322000 0.005554
323000 0.005607
324000 0.005589
325000 0.005608
326000 0.005626
327000 0.005638
328000 0.005655
329000 0.005672
330000 0.005700
331000 0.005707
332000 0.005717
333000 0.005732
334000 0.005761
335000 0.005754
336000 0.006670
337000 0.006559
338000 0.006204
339000 0.006046
340000 0.006054
341000 0.005926
342000 0.005955
343000 0.005898
344000 0.005906
345000 0.005913
346000 0.005947
347000 0.005941
348000 0.005981
349000 0.005984
350000 0.006009
351000 0.006020
352000 0.006051
353000 0.006047
354000 0.006056
355000 0.006075
356000 0.006097
357000 0.006113
358000 0.006133
359000 0.006164
360000 0.006148
361000 0.006199
362000 0.006195
363000 0.006200
364000 0.006207
365000 0.006241
366000 0.006239
367000 0.006270
368000 0.006296
369000 0.006318
370000 0.006300
371000 0.006356
372000 0.007559
373000 0.007068
374000 0.006541
375000 0.006670
376000 0.006534
377000 0.006425
378000 0.006431
379000 0.006457
380000 0.006465
381000 0.006476
382000 0.006510
383000 0.006550
384000 0.006524
385000 0.006551
386000 0.006565
387000 0.006577
388000 0.006649
389000 0.006615
390000 0.006655
391000 0.006671
392000 0.007066
393000 0.006789
394000 0.006881
395000 0.007096
396000 0.007104
397000 0.007159
398000 0.007268
399000 0.007124
400000 0.006905
401000 0.007619
402000 0.007462
403000 0.007257
404000 0.008117
405000 0.007634
406000 0.007369
407000 0.007494
408000 0.007200
409000 0.007261
410000 0.006971
411000 0.007174
412000 0.007022
413000 0.007026
414000 0.007070
415000 0.007057
416000 0.007054
417000 0.007087
418000 0.007094
419000 0.007112
420000 0.007133
421000 0.007160
422000 0.007177
423000 0.007163
424000 0.007193
425000 0.007201
426000 0.007223
427000 0.007279
428000 0.007256
429000 0.007261
430000 0.007288
431000 0.007302
432000 0.007293
433000 0.007342
434000 0.008504
435000 0.008090
436000 0.007600
437000 0.007603
438000 0.007735
439000 0.007461
440000 0.007459
441000 0.007484
442000 0.007503
443000 0.007494
444000 0.007511
445000 0.007546
446000 0.007546
447000 0.007568
448000 0.007588
449000 0.007596
450000 0.007620
451000 0.007631
452000 0.007679
453000 0.007703
454000 0.007700
455000 0.007705
456000 0.007733
457000 0.007738
458000 0.007747
459000 0.007781
460000 0.007808
461000 0.007791
462000 0.007828
463000 0.008813
464000 0.008747
465000 0.008110
466000 0.008140
467000 0.007886
468000 0.007953
469000 0.007916
470000 0.007937
471000 0.007944
472000 0.007969
473000 0.008489
474000 0.008202
475000 0.008128
476000 0.008087
477000 0.008141
478000 0.008083
479000 0.008083
480000 0.008107
481000 0.008105
482000 0.008137
483000 0.008146
484000 0.008152
485000 0.008292
486000 0.008191
487000 0.008201
488000 0.008230
489000 0.008629
490000 0.009462
491000 0.008721
492000 0.008578
493000 0.008424
494000 0.008338
495000 0.008340
496000 0.008361
497000 0.008377
498000 0.008416
499000 0.008400
500000 0.008429
501000 0.008437
502000 0.008445
503000 0.008444
504000 0.008510
505000 0.008482
506000 0.008513
507000 0.008526
508000 0.008530
509000 0.008553
510000 0.008572
511000 0.008579
512000 0.008598
513000 0.008607
514000 0.008641
515000 0.009971
516000 0.009311
517000 0.008982
518000 0.008871
519000 0.008739
520000 0.008762
521000 0.008764
522000 0.008812
523000 0.008828
524000 0.008829
525000 0.008847
526000 0.008907
527000 0.009037
528000 0.009219
529000 0.009033
530000 0.009058
531000 0.009196
532000 0.009057
533000 0.009094
534000 0.009136
535000 0.009071
536000 0.009231
537000 0.009158
538000 0.009162
539000 0.010495
540000 0.009789
541000 0.009596
542000 0.009273
543000 0.009448
544000 0.009264
545000 0.009236
546000 0.009264
547000 0.009428
548000 0.009376
549000 0.009669
550000 0.009659
551000 0.009702
552000 0.009586
553000 0.009574
554000 0.009675
555000 0.009625
556000 0.009670
557000 0.009608
558000 0.009604
559000 0.009623
560000 0.009605
561000 0.009881
562000 0.010200
563000 0.010060
564000 0.010026
565000 0.009646
566000 0.009772
567000 0.009476
568000 0.009596
569000 0.009510
570000 0.009614
571000 0.009612
572000 0.009657
573000 0.009706
574000 0.009700
575000 0.009672
576000 0.009686
577000 0.009688
578000 0.009630
579000 0.009631
580000 0.009768
581000 0.009884
582000 0.009914
583000 0.010606
584000 0.011067
585000 0.010552
586000 0.010090
587000 0.009872
588000 0.010061
589000 0.010135
590000 0.010084
591000 0.009994
592000 0.009972
593000 0.009987
594000 0.009948
595000 0.010005
596000 0.009995
597000 0.009983
598000 0.010017
599000 0.010052
600000 0.010057
601000 0.010088
602000 0.010081
603000 0.010135
604000 0.010137
605000 0.011822
606000 0.010638
607000 0.010437
608000 0.010187
609000 0.010209
610000 0.010224
611000 0.010231
612000 0.010248
613000 0.010266
614000 0.010287
615000 0.010304
616000 0.010312
617000 0.010299
618000 0.010332
619000 0.010346
620000 0.010392
621000 0.010379
622000 0.010399
623000 0.010412
624000 0.010452
625000 0.011300
626000 0.011515
627000 0.010871
628000 0.010599
629000 0.010509
630000 0.010525
631000 0.010540
632000 0.010544
633000 0.010558
634000 0.010604
635000 0.010602
636000 0.010602
637000 0.010623
638000 0.010651
639000 0.010664
640000 0.010859
641000 0.010684
642000 0.010678
643000 0.010677
644000 0.010693
645000 0.011477
646000 0.011924
647000 0.011228
648000 0.010910
649000 0.010864
650000 0.010881
651000 0.010883
652000 0.010870
653000 0.010934
654000 0.010908
655000 0.010967
656000 0.010955
657000 0.010950
658000 0.010986
659000 0.011001
660000 0.010998
661000 0.011021
662000 0.011042
663000 0.011061
664000 0.011057
665000 0.012788
666000 0.011517
667000 0.011544
668000 0.011133
669000 0.011149
670000 0.011159
671000 0.011165
672000 0.011223
673000 0.011237
674000 0.011225
675000 0.011222
676000 0.011250
677000 0.011249
678000 0.011269
679000 0.011277
680000 0.011311
681000 0.011338
682000 0.011286
683000 0.011325
684000 0.012735
685000 0.012111
686000 0.011825
687000 0.011451
688000 0.011464
689000 0.011462
690000 0.011512
691000 0.011488
692000 0.011526
693000 0.011535
694000 0.011535
695000 0.011571
696000 0.011582
697000 0.011612
698000 0.011629
699000 0.011652
700000 0.011632
701000 0.011656
702000 0.012513
703000 0.012838
704000 0.012141
705000 0.011750
706000 0.011726
707000 0.011738
708000 0.011798
709000 0.011780
710000 0.011837
711000 0.011834
712000 0.011863
713000 0.011881
714000 0.011902
715000 0.011894
716000 0.011989
717000 0.011957
718000 0.011887
719000 0.011959
720000 0.012890
721000 0.013017
722000 0.012390
723000 0.012049
724000 0.012060
725000 0.012054
726000 0.012088
727000 0.012087
728000 0.012106
729000 0.012130
730000 0.012152
731000 0.012158
732000 0.012173
733000 0.012182
734000 0.012225
735000 0.012190
736000 0.012256
737000 0.013061
738000 0.014215
739000 0.012871
740000 0.012813
741000 0.012454
742000 0.012406
743000 0.012416
744000 0.012438
745000 0.012429
746000 0.012391
747000 0.012411
748000 0.012408
749000 0.012632
750000 0.012871
751000 0.013062
752000 0.012907
753000 0.012667
754000 0.012816
755000 0.014298
756000 0.013659
757000 0.012868
758000 0.012724
759000 0.012660
760000 0.012609
761000 0.012646
762000 0.012628
763000 0.012639
764000 0.012661
765000 0.012690
766000 0.012700
767000 0.012716
768000 0.012693
769000 0.012784
770000 0.012829
771000 0.013693
772000 0.013943
773000 0.013216
774000 0.012829
775000 0.012888
776000 0.012869
777000 0.012879
778000 0.012893
779000 0.012931
780000 0.012954
781000 0.012977
782000 0.012974
783000 0.012989
784000 0.013044
785000 0.013034
786000 0.013023
787000 0.013069
788000 0.014939
789000 0.013554
790000 0.013153
791000 0.013236
792000 0.013120
793000 0.013159
794000 0.013146
795000 0.013175
796000 0.013169
797000 0.013270
798000 0.013207
799000 0.013276
800000 0.013212
801000 0.013262
802000 0.013278
803000 0.013301
804000 0.015150
805000 0.013772
806000 0.013345
807000 0.013399
808000 0.013386
809000 0.013550
810000 0.013383
811000 0.013405
812000 0.013434
813000 0.013462
814000 0.013480
815000 0.013489
816000 0.013469
817000 0.013513
818000 0.013497
819000 0.014532
820000 0.014578
821000 0.013972
822000 0.013593
823000 0.013652
824000 0.013643
825000 0.013643
826000 0.013663
827000 0.013671
828000 0.013727
829000 0.013717
830000 0.013749
831000 0.013724
832000 0.013789
833000 0.013798
834000 0.013783
835000 0.015692
836000 0.014295
837000 0.013874
838000 0.013852
839000 0.013912
840000 0.013929
841000 0.013903
842000 0.013937
843000 0.013956
844000 0.013992
845000 0.014011
846000 0.014002
847000 0.014032
848000 0.014060
849000 0.014067
850000 0.015959
851000 0.014604
852000 0.014158
853000 0.014130
854000 0.014146
855000 0.014128
856000 0.014183
857000 0.014197
858000 0.014201
859000 0.014199
860000 0.014226
861000 0.014224
862000 0.014271
863000 0.014263
864000 0.014330
865000 0.016212
866000 0.014803
867000 0.014348
868000 0.014339
869000 0.014365
870000 0.014402
871000 0.014384
872000 0.014425
873000 0.014546
874000 0.014432
875000 0.014425
876000 0.014444
877000 0.014436
878000 0.014428
879000 0.015600
880000 0.015474
881000 0.015057
882000 0.015598
883000 0.014907
884000 0.014840
885000 0.014846
886000 0.014790
887000 0.015054
888000 0.014730
889000 0.014771
890000 0.015086
891000 0.014783
892000 0.014920
893000 0.015770
894000 0.016193
895000 0.015222
896000 0.015091
897000 0.015201
898000 0.015052
899000 0.015277
900000 0.014946
901000 0.015208
902000 0.015043
903000 0.015315
904000 0.015346
905000 0.015364
906000 0.015190
907000 0.015863
908000 0.016423
909000 0.015573
910000 0.015314
911000 0.015808
912000 0.015261
913000 0.015236
914000 0.015337
915000 0.015056
916000 0.015209
917000 0.015167
918000 0.015219
919000 0.015485
920000 0.015251
921000 0.016427
922000 0.016363
923000 0.015676
924000 0.015580
925000 0.015488
926000 0.015447
927000 0.015608
928000 0.015724
929000 0.015478
930000 0.015635
931000 0.015540
932000 0.015769
933000 0.015570
934000 0.015491
935000 0.017376
936000 0.016602
937000 0.015707
938000 0.015698
939000 0.016021
940000 0.015592
941000 0.015756
942000 0.015927
943000 0.016017
944000 0.015853
945000 0.015825
946000 0.015732
947000 0.015853
948000 0.017255
949000 0.016990
950000 0.016199
951000 0.016132
952000 0.015931
953000 0.015987
954000 0.016012
955000 0.016107
956000 0.016112
957000 0.015913
958000 0.016050
959000 0.016395
960000 0.015983
961000 0.016734
962000 0.017300
963000 0.016457
964000 0.016339
965000 0.016151
966000 0.016679
967000 0.016135
968000 0.016165
969000 0.016212
970000 0.016177
971000 0.016245
972000 0.016500
973000 0.016086
974000 0.016671
975000 0.017723
976000 0.016637
977000 0.016479
978000 0.016254
979000 0.016280
980000 0.016385
981000 0.016541
982000 0.016363
983000 0.016425
984000 0.016607
985000 0.016416
986000 0.016408
987000 0.017346
988000 0.017593
989000 0.016808
990000 0.016869
991000 0.016434
992000 0.016439
993000 0.016750
994000 0.016506
995000 0.016607
996000 0.016574
997000 0.016516
998000 0.016746
999000 0.016542
1000000 0.017679
