0 0.0000014
10000 0.0022128
20000 0.0035896
30000 0.0051158
40000 0.0071690
50000 0.0091090
60000 0.0113800
70000 0.0138838
80000 0.0164996
90000 0.0174262
100000 0.0194064
110000 0.0214066
120000 0.0233388
130000 0.0254206
140000 0.0273248
150000 0.0323156
160000 0.0325718
170000 0.0347426
180000 0.0360866
190000 0.0383278
200000 0.0408806
210000 0.0423660
220000 0.0443416
230000 0.0465064
240000 0.0491354
250000 0.0518520
260000 0.0547114
270000 0.0573852
280000 0.0668506
290000 0.0637732
300000 0.0668212
310000 0.0656062
320000 0.0687766
330000 0.0702598
340000 0.0741838
350000 0.0744304
360000 0.0786092
370000 0.0794118
380000 0.0822310
390000 0.0849306
400000 0.0868868
410000 0.0880466
420000 0.0899292
430000 0.1024008
440000 0.0995606
450000 0.0993970
460000 0.1004140
470000 0.1024864
480000 0.1042932
490000 0.1069144
500000 0.1091240
510000 0.1108732
520000 0.1140614
530000 0.1157072
540000 0.1301718
550000 0.1237100
560000 0.1228586
570000 0.1256548
580000 0.1274294
590000 0.1305256
600000 0.1325314
610000 0.1364256
620000 0.1386052
630000 0.1491900
640000 0.1457628
650000 0.1450798
660000 0.1472586
670000 0.1500654
680000 0.1519216
690000 0.1551622
700000 0.1573340
710000 0.1722566
720000 0.1638582
730000 0.1655734
740000 0.1669494
750000 0.1689234
760000 0.1721184
770000 0.1743190
780000 0.1869600
790000 0.1807142
800000 0.1821936
810000 0.1845094
820000 0.1864544
830000 0.1905406
840000 0.1978490
850000 0.2008350
860000 0.1970762
870000 0.1985832
880000 0.2007546
890000 0.2046226
900000 0.2134160
910000 0.2167956
920000 0.2114350
930000 0.2139974
940000 0.2174198
950000 0.2183966
960000 0.2336580
970000 0.2263926
980000 0.2275818
990000 0.2299190
1000000 0.2445092
