0 0.0000014
10000 0.0028002
20000 0.0035502
30000 0.0043636
40000 0.0058722
50000 0.0075366
60000 0.0091978
70000 0.0111170
80000 0.0127860
90000 0.0144686
100000 0.0165976
110000 0.0205900
120000 0.0216646
130000 0.0233606
140000 0.0247384
150000 0.0267868
160000 0.0283168
170000 0.0295836
180000 0.0313892
190000 0.0331894
200000 0.0354798
210000 0.0370846
220000 0.0390726
230000 0.0405534
240000 0.0425124
250000 0.0444196
260000 0.0479936
270000 0.0505860
280000 0.0521744
290000 0.0525398
300000 0.0545394
310000 0.0560832
320000 0.0579200
330000 0.0605356
340000 0.0619916
350000 0.0646854
360000 0.0722714
370000 0.0715444
380000 0.0715218
390000 0.0723642
400000 0.0748342
410000 0.0773786
420000 0.0789790
430000 0.0806554
440000 0.0826810
450000 0.0848580
460000 0.0871626
470000 0.0900942
480000 0.0916964
490000 0.1002058
500000 0.1013236
510000 0.0994806
520000 0.0994818
530000 0.1023508
540000 0.1045316
550000 0.1058286
560000 0.1078436
570000 0.1105166
580000 0.1125376
590000 0.1137656
600000 0.1236870
610000 0.1246634
620000 0.1238074
630000 0.1218834
640000 0.1294746
650000 0.1269536
660000 0.1292350
670000 0.1380066
680000 0.1344862
690000 0.1465544
700000 0.1393692
710000 0.1424336
720000 0.1432356
730000 0.1475680
740000 0.1487578
750000 0.1482704
760000 0.1552262
770000 0.1640202
780000 0.1573058
790000 0.1624176
800000 0.1599972
810000 0.1628208
820000 0.1713270
830000 0.1660386
840000 0.1802466
850000 0.1772548
860000 0.1788650
870000 0.1743426
880000 0.1745696
890000 0.1794596
900000 0.1905792
910000 0.1916098
920000 0.1896986
930000 0.1905222
940000 0.1913778
950000 0.1933556
960000 0.2037888
970000 0.2120508
980000 0.2107440
990000 0.2088468
1000000 0.2051158
