0 0.0000016
10000 0.0029422
20000 0.0036114
30000 0.0046074
40000 0.0060844
50000 0.0076990
60000 0.0093588
70000 0.0112568
80000 0.0130200
90000 0.0147530
100000 0.0162536
110000 0.0181816
120000 0.0198706
130000 0.0217624
140000 0.0236600
150000 0.0257088
160000 0.0274658
170000 0.0327208
180000 0.0343132
190000 0.0343188
200000 0.0361152
210000 0.0374468
220000 0.0387430
230000 0.0406438
240000 0.0423230
250000 0.0440322
260000 0.0462402
270000 0.0476978
280000 0.0505096
290000 0.0521354
300000 0.0539758
310000 0.0557892
320000 0.0580286
330000 0.0601462
340000 0.0620420
350000 0.0639346
360000 0.0657850
370000 0.0676206
380000 0.0741058
390000 0.0776866
400000 0.0762254
410000 0.0761692
420000 0.0776072
430000 0.0799444
440000 0.0819738
450000 0.0837742
460000 0.0860520
470000 0.0885360
480000 0.0910614
490000 0.0956420
500000 0.0947614
510000 0.1002638
520000 0.1055694
530000 0.1119574
540000 0.1060494
550000 0.1052728
560000 0.1071754
570000 0.1096010
580000 0.1109014
590000 0.1141774
600000 0.1149156
610000 0.1206118
620000 0.1236910
630000 0.1333416
640000 0.1294880
650000 0.1275042
660000 0.1270116
670000 0.1288760
680000 0.1309584
690000 0.1337136
700000 0.1403350
710000 0.1471422
720000 0.1488662
730000 0.1474912
740000 0.1518522
750000 0.1474866
760000 0.1518412
770000 0.1501358
780000 0.1675342
790000 0.1815124
800000 0.1655812
810000 0.1601794
820000 0.1626984
830000 0.1689528
840000 0.1650160
850000 0.1766968
860000 0.1832506
870000 0.1811376
880000 0.1753746
890000 0.1772796
900000 0.1826306
910000 0.1870144
920000 0.2032364
930000 0.1985628
940000 0.1952364
950000 0.1923514
960000 0.1947818
970000 0.2044822
980000 0.2161696
990000 0.2051058
1000000 0.2035036
