0 0.0000018
10000 0.0024992
20000 0.0035606
30000 0.0048210
40000 0.0063550
50000 0.0085956
60000 0.0104898
70000 0.0121242
80000 0.0136894
90000 0.0157722
100000 0.0171232
110000 0.0207230
120000 0.0216846
130000 0.0233938
140000 0.0254632
150000 0.0273916
160000 0.0289104
170000 0.0306012
180000 0.0322022
190000 0.0342114
200000 0.0368316
210000 0.0384700
220000 0.0422452
230000 0.0422480
240000 0.0493558
250000 0.0501554
260000 0.0517158
270000 0.0550500
280000 0.0547018
290000 0.0551358
300000 0.0575526
310000 0.0595662
320000 0.0618536
330000 0.0643424
340000 0.0667624
350000 0.0671250
360000 0.0698504
370000 0.0713068
380000 0.0730858
390000 0.0755898
400000 0.0781552
410000 0.0830976
420000 0.0875284
430000 0.0859048
440000 0.0862404
450000 0.0874936
460000 0.0899844
470000 0.0917654
480000 0.0938884
490000 0.0958104
500000 0.0981048
510000 0.1002810
520000 0.1026990
530000 0.1095146
540000 0.1133430
550000 0.1111628
560000 0.1113494
570000 0.1132450
580000 0.1152774
590000 0.1173940
600000 0.1195790
610000 0.1218260
620000 0.1239912
630000 0.1356114
640000 0.1341946
650000 0.1316546
660000 0.1346862
670000 0.1346738
680000 0.1410114
690000 0.1406016
700000 0.1426514
710000 0.1506188
720000 0.1556898
730000 0.1559144
740000 0.1542504
750000 0.1545102
760000 0.1601066
770000 0.1616870
780000 0.1790360
790000 0.1801842
800000 0.1777444
810000 0.1769958
820000 0.1782492
830000 0.1780868
840000 0.1862278
850000 0.1848900
860000 0.1945772
870000 0.1883514
880000 0.1846962
890000 0.1875634
900000 0.1918970
910000 0.1955684
920000 0.2077864
930000 0.2011070
940000 0.1986518
950000 0.2070296
960000 0.2088948
970000 0.2149742
980000 0.2192012
990000 0.2113216
1000000 0.2236008
