0 0.0000014
10000 0.0027842
20000 0.0037640
30000 0.0049738
40000 0.0067856
50000 0.0086994
60000 0.0115160
70000 0.0127086
80000 0.0145944
90000 0.0165652
100000 0.0184076
110000 0.0203760
120000 0.0235578
130000 0.0249170
140000 0.0273050
150000 0.0289972
160000 0.0308102
170000 0.0338216
180000 0.0351824
190000 0.0379174
200000 0.0411530
210000 0.0430928
220000 0.0440408
230000 0.0464170
240000 0.0499642
250000 0.0517564
260000 0.0539684
270000 0.0551002
280000 0.0603730
290000 0.0653620
300000 0.0636992
310000 0.0641680
320000 0.0653570
330000 0.0678662
340000 0.0698036
350000 0.0720962
360000 0.0746210
370000 0.0766898
380000 0.0792260
390000 0.0819730
400000 0.0844662
410000 0.0865260
420000 0.0883384
430000 0.0905932
440000 0.1040436
450000 0.0978494
460000 0.0971898
470000 0.0996342
480000 0.1025070
490000 0.1069816
500000 0.1100598
510000 0.1088356
520000 0.1133916
530000 0.1140594
540000 0.1168638
550000 0.1291818
560000 0.1265462
570000 0.1228146
580000 0.1254560
590000 0.1278210
600000 0.1335976
610000 0.1323816
620000 0.1341856
630000 0.1365534
640000 0.1496166
650000 0.1442524
660000 0.1437460
670000 0.1459138
680000 0.1483386
690000 0.1506060
700000 0.1530496
710000 0.1553916
720000 0.1725188
730000 0.1621556
740000 0.1622644
750000 0.1648908
760000 0.1669728
770000 0.1694860
780000 0.1727430
790000 0.1870634
800000 0.1771994
810000 0.1809524
820000 0.1809084
830000 0.1838840
840000 0.1858310
850000 0.1994462
860000 0.1955924
870000 0.1927972
880000 0.1971576
890000 0.1996556
900000 0.2004694
910000 0.2160900
920000 0.2111080
930000 0.2069674
940000 0.2098772
950000 0.2125030
960000 0.2147540
970000 0.2311134
980000 0.2230780
990000 0.2256512
1000000 0.2280368
