0 1422
1 1419
2 1382
3 1333
4 1314
5 1259
6 1214
7 1192
8 1149
9 1086
10 1055
11 1001
12 1043
13 916
14 927
15 906
16 850
17 787
18 826
19 792
20 777
21 735
22 708
23 712
24 607
25 639
26 577
27 582
28 585
29 589
30 567
31 542
32 595
33 573
34 557
35 565
36 539
37 513
38 490
39 545
40 556
41 567
42 592
43 590
44 604
45 650
46 652
47 687
48 680
49 728
50 712
51 723
52 834
53 841
54 854
55 881
56 898
57 947
58 998
59 958
60 1070
61 1043
62 1031
63 1042
64 1155
65 1175
66 1262
67 1289
68 1247
69 1284
70 1324
71 1338
72 1387
73 1408
74 1524
75 1506
76 1539
77 1503
78 1536
79 1560
80 1638
81 1628
82 1721
83 1692
84 1675
85 1628
86 1753
87 1827
88 1742
89 1818
90 1804
91 1754
92 1746
93 1776
94 1871
95 1710
96 1663
97 1668
98 1692
99 1631
100 1667
101 1650
102 1618
103 1609
104 1632
105 1502
106 1486
107 1494
108 1508
109 1510
110 1412
111 1475
112 1327
113 1267
114 1234
115 1258
116 1197
117 1199
118 1148
119 1082
120 984
121 1108
122 1029
123 1017
124 949
125 854
126 883
127 830
128 805
129 779
130 715
131 731
132 716
133 711
134 716
135 686
136 649
137 650
138 616
139 650
140 598
141 566
142 570
143 566
144 601
145 600
146 584
147 615
148 606
149 622
150 614
151 599
152 632
153 628
154 673
155 670
156 723
157 722
158 672
159 771
160 792
161 805
162 830
163 797
164 900
165 894
166 903
167 931
168 1029
169 989
170 1025
171 1099
172 1122
173 1215
174 1161
175 1192
176 1223
177 1206
178 1246
179 1332
180 1361
181 1373
182 1340
183 1448
184 1407
185 1447
186 1578
187 1461
188 1483
189 1522
190 1553
191 1658
192 1642
193 1685
194 1633
195 1604
196 1657
197 1699
198 1709
199 1613
200 1704
201 1723
202 1690
203 1759
204 1676
205 1643
206 1616
207 1608
208 1700
209 1620
210 1574
211 1559
212 1574
213 1481
214 1503
215 1506
216 1455
217 1377
218 1397
219 1308
220 1275
221 1287
222 1233
223 1231
224 1207
225 1196
226 1064
227 1054
228 1060
229 1013
230 947
231 965
232 924
233 889
234 791
235 788
236 731
237 708
238 682
239 659
240 639
241 614
242 520
243 548
244 535
245 501
246 467
247 470
248 433
249 419
250 406
251 368
252 335
253 346
254 295
255 310
256 330
257 287
258 307
259 286
260 273
261 286
262 281
263 244
264 262
265 283
266 267
267 282
268 287
269 325
270 289
271 310
272 310
273 308
274 382
275 360
276 365
277 395
278 405
279 416
280 444
281 463
282 464
283 509
284 492
285 533
286 541
287 609
288 601
289 598
290 661
291 681
292 717
293 758
294 722
295 797
296 759
297 778
298 772
299 792
300 819
301 843
302 914
303 817
304 822
305 928
306 942
307 942
308 874
309 971
310 961
311 1012
312 969
313 958
314 935
315 976
316 974
317 987
318 985
319 898
320 912
321 873
322 899
323 900
324 854
325 868
326 859
327 850
328 804
329 790
330 786
331 748
332 766
333 805
334 723
335 683
336 705
337 683
338 619
339 614
340 597
341 592
342 577
343 514
344 488
345 461
346 482
347 460
348 448
349 382
350 368
351 344
352 364
353 350
354 342
355 355
356 298
357 281
358 294
359 252
360 225
361 256
362 251
363 223
364 207
365 233
366 223
367 238
368 242
369 246
370 207
371 241
372 236
373 266
374 255
375 240
376 240
377 265
378 286
379 266
380 268
381 312
382 314
383 346
384 358
385 387
386 359
387 354
388 428
389 412
390 455
391 453
392 469
393 551
394 514
395 551
396 567
397 557
398 573
399 594
400 615
401 648
402 651
403 719
404 692
405 681
406 747
407 764
408 788
409 811
410 827
411 843
412 823
413 905
414 869
415 873
416 875
417 919
418 906
419 877
420 886
421 927
422 1002
423 848
424 958
425 938
426 859
427 885
428 968
429 833
430 855
431 880
432 909
433 854
434 899
435 787
436 879
437 839
438 838
439 814
440 759
441 690
442 718
443 688
444 705
445 658
446 686
447 645
448 675
449 613
450 603
451 579
452 574
453 534
454 520
455 482
456 500
457 451
458 471
459 416
460 418
461 352
462 385
463 370
464 324
465 319
466 304
467 294
468 295
469 317
470 271
471 281
472 268
473 245
474 278
475 284
476 275
477 265
478 269
479 270
480 269
481 256
482 287
483 275
484 284
485 288
486 275
487 316
488 323
489 310
490 317
491 363
492 350
493 360
494 388
495 399
496 398
497 451
498 393
499 445
500 511
501 522
502 538
503 570
504 634
505 603
506 672
507 681
508 662
509 718
510 740
511 842
512 788
513 820
514 902
515 945
516 980
517 1081
518 1125
519 1161
520 1263
521 1271
522 1311
523 1387
524 1482
525 1480
526 1483
527 1587
528 1577
529 1687
530 1801
531 1836
532 1807
533 1860
534 1956
535 1904
536 1984
537 2054
538 2153
539 2174
540 2146
541 2225
542 2135
543 2248
544 2213
545 2201
546 2199
547 2216
548 2156
549 2206
550 2186
551 2241
552 2097
553 2043
554 2034
555 1932
556 1951
557 1920
558 1871
559 1702
560 1754
561 1660
562 1495
563 1541
564 1367
565 1406
566 1361
567 1284
568 1131
569 1079
570 1055
571 992
572 857
573 845
574 809
575 827
576 727
577 682
578 603
579 570
580 570
581 498
582 490
583 450
584 463
585 430
586 401
587 364
588 370
589 357
590 355
591 324
592 371
593 322
594 327
595 337
596 302
597 312
598 304
599 319
600 339
601 368
602 397
603 386
604 387
605 458
606 481
607 456
608 499
609 499
610 529
611 532
612 594
613 627
614 648
615 663
616 687
617 697
618 757
619 757
620 845
621 844
622 906
623 949
624 976
625 999
626 1095
627 1137
628 1165
629 1212
630 1247
631 1290
632 1389
633 1473
634 1487
635 1531
636 1456
637 1533
638 1557
639 1688
640 1747
641 1884
642 1795
643 1809
644 1900
645 1894
646 1939
647 1996
648 2002
649 2036
650 2073
651 2150
652 2171
653 2077
654 2070
655 2101
656 2081
657 2060
658 2138
659 2048
660 1968
661 1978
662 2012
663 1920
664 1872
665 1870
666 1845
667 1722
668 1746
669 1676
670 1652
671 1543
672 1521
673 1430
674 1407
675 1382
676 1332
677 1287
678 1161
679 1091
680 1039
681 1014
682 950
683 892
684 892
685 795
686 780
687 705
688 682
689 636
690 603
691 548
692 533
693 550
694 528
695 489
696 436
697 401
698 430
699 391
700 356
701 366
702 362
703 401
704 386
705 382
706 390
707 373
708 394
709 420
710 423
711 446
712 443
713 433
714 447
715 461
716 500
717 514
718 548
719 541
720 595
721 580
722 617
723 652
724 664
725 727
726 789
727 795
728 832
729 854
730 939
731 910
732 946
733 972
734 1014
735 1119
736 1100
737 1234
738 1201
739 1303
740 1311
741 1354
742 1421
743 1396
744 1392
745 1474
746 1592
747 1565
748 1646
749 1659
750 1693
751 1717
752 1790
753 1882
754 1869
755 1874
756 1971
757 1919
758 1857
759 1950
760 2052
761 2013
762 2029
763 1939
764 2004
765 2007
766 2031
767 1846
768 2023
769 1954
770 1944
771 1892
772 1928
773 1808
774 1762
775 1722
776 1735
777 1699
778 1567
779 1575
780 1599
781 1488
782 1409
783 1435
784 1348
785 1302
786 1258
787 1162
788 1207
789 1095
790 1052
791 1026
792 965
793 927
794 922
795 823
796 792
797 773
798 702
799 677
800 675
801 665
802 604
803 603
804 528
805 599
806 558
807 490
808 452
809 460
810 461
811 455
812 438
813 421
814 411
815 403
816 436
817 404
818 441
819 456
820 439
821 475
822 467
823 512
824 550
825 496
826 539
827 576
828 605
829 603
830 656
831 656
832 664
833 715
834 774
835 766
836 829
837 814
838 843
839 898
840 927
841 937
842 1010
843 1106
844 1098
845 1188
846 1129
847 1165
848 1198
849 1260
850 1331
851 1390
852 1385
853 1431
854 1526
855 1532
856 1524
857 1641
858 1615
859 1643
860 1701
861 1739
862 1796
863 1775
864 1815
865 1826
866 1777
867 1868
868 1850
869 1900
870 1890
871 1904
872 1945
873 1869
874 1953
875 2034
876 1897
877 1864
878 1828
879 1818
880 1800
881 1804
882 1737
883 1678
884 1757
885 1716
886 1637
887 1609
888 1547
889 1486
890 1531
891 1467
892 1392
893 1344
894 1350
895 1265
896 1275
897 1198
898 1178
899 1157
900 1106
901 945
902 1040
903 888
904 902
905 894
906 832
907 836
908 803
909 759
910 701
911 665
912 682
913 640
914 630
915 575
916 586
917 528
918 536
919 556
920 521
921 505
922 546
923 493
924 468
925 471
926 522
927 508
928 526
929 464
930 527
931 568
932 513
933 580
934 520
935 584
936 581
937 597
938 606
939 663
940 659
941 701
942 701
943 785
944 748
945 835
946 810
947 853
948 878
949 973
950 981
951 936
952 1032
953 1094
954 1063
955 1183
956 1244
957 1129
958 1253
959 1295
960 1371
961 1384
962 1458
963 1403
964 1473
965 1530
966 1492
967 1636
968 1616
969 1607
970 1615
971 1676
972 1631
973 1618
974 1689
975 1755
976 1726
977 1831
978 1706
979 1818
980 1822
981 1828
982 1812
983 1854
984 1847
985 1757
986 1775
987 1715
988 1759
989 1759
990 1807
991 1780
992 1662
993 1642
994 1641
995 1558
996 1622
997 1602
998 1543
999 1533
