0 1027
1 982
2 974
3 981
4 993
5 1029
6 998
7 1010
8 992
9 1010
10 974
11 1051
12 1007
13 988
14 1021
15 1040
16 982
17 1033
18 993
19 1044
20 981
21 965
22 989
23 949
24 990
25 1028
26 1039
27 1032
28 988
29 1039
30 1006
31 1001
32 992
33 1002
34 1021
35 968
36 995
37 978
38 959
39 981
40 943
41 1002
42 1031
43 1033
44 998
45 977
46 1017
47 1023
48 1054
49 992
50 987
51 1032
52 1020
53 1015
54 976
55 985
56 984
57 975
58 1001
59 1044
60 975
61 1011
62 997
63 973
64 955
65 1046
66 1001
67 966
68 982
69 969
70 1032
71 1018
72 1016
73 1002
74 1006
75 996
76 1015
77 991
78 1007
79 998
80 984
81 1001
82 1066
83 962
84 1021
85 1011
86 996
87 1032
88 971
89 1042
90 953
91 959
92 989
93 1024
94 1015
95 1025
96 988
97 992
98 1023
99 987
100 971
101 952
102 1019
103 992
104 972
105 998
106 944
107 1011
108 989
109 1001
110 1005
111 992
112 936
113 1014
114 1026
115 1003
116 1001
117 937
118 981
119 965
120 1071
121 1018
122 990
123 999
124 993
125 980
126 1025
127 991
128 985
129 932
130 1004
131 1028
132 980
133 1006
134 989
135 1060
136 931
137 1051
138 997
139 983
140 1030
141 1026
142 997
143 1034
144 1025
145 975
146 973
147 1058
148 1012
149 1003
150 1024
151 1013
152 993
153 1005
154 1028
155 995
156 980
157 1048
158 1026
159 974
160 1025
161 1083
162 943
163 977
164 946
165 987
166 1048
167 1046
168 1011
169 1032
170 997
171 1020
172 1017
173 1008
174 995
175 947
176 967
177 1035
178 1000
179 957
180 1047
181 1003
182 1021
183 1024
184 984
185 1038
186 953
187 1014
188 1015
189 984
190 996
191 1038
192 1013
193 1009
194 1047
195 960
196 987
197 1015
198 1070
199 991
200 1042
201 1058
202 1019
203 1035
204 1014
205 1008
206 1010
207 972
208 1027
209 988
210 978
211 980
212 1007
213 951
214 926
215 1020
216 1003
217 990
218 985
219 999
220 993
221 998
222 1010
223 991
224 994
225 995
226 992
227 1040
228 1049
229 960
230 997
231 1022
232 1010
233 999
234 989
235 981
236 1060
237 1023
238 988
239 1012
240 1061
241 1054
242 1047
243 976
244 979
245 984
246 998
247 1053
248 995
249 1000
250 946
251 1057
252 1009
253 1061
254 996
255 1009
256 1003
257 976
258 1033
259 1003
260 1004
261 1002
262 968
263 942
264 1005
265 965
266 995
267 998
268 1061
269 1023
270 992
271 987
272 958
273 942
274 979
275 960
276 963
277 1020
278 988
279 1013
280 1002
281 1006
282 1011
283 1018
284 944
285 963
286 1006
287 973
288 1001
289 1008
290 921
291 1024
292 1049
293 983
294 1022
295 962
296 999
297 1000
298 989
299 976
300 997
301 988
302 996
303 995
304 1003
305 956
306 1001
307 992
308 1008
309 975
310 930
311 996
312 973
313 998
314 1032
315 987
316 1012
317 984
318 995
319 1003
320 997
321 1001
322 952
323 1027
324 981
325 990
326 999
327 1021
328 1012
329 1019
330 1022
331 985
332 1046
333 970
334 1019
335 940
336 989
337 971
338 1029
339 933
340 923
341 1020
342 1028
343 1037
344 956
345 996
346 996
347 942
348 1004
349 1008
350 997
351 993
352 999
353 970
354 1024
355 987
356 960
357 972
358 1015
359 1038
360 1020
361 963
362 1040
363 1017
364 957
365 1013
366 976
367 995
368 940
369 960
370 1052
371 1004
372 1025
373 963
374 1050
375 998
376 994
377 1027
378 1002
379 950
380 1028
381 1036
382 983
383 1016
384 1030
385 941
386 932
387 995
388 1013
389 966
390 1022
391 1003
392 1040
393 975
394 1018
395 961
396 1004
397 1023
398 965
399 1041
400 1001
401 1035
402 977
403 1004
404 1026
405 990
406 1024
407 943
408 987
409 1024
410 1048
411 967
412 1013
413 1007
414 958
415 995
416 963
417 1009
418 1018
419 1023
420 983
421 1034
422 998
423 981
424 1035
425 990
426 956
427 992
428 990
429 960
430 1045
431 957
432 1016
433 985
434 983
435 1020
436 968
437 982
438 1023
439 1037
440 1068
441 1020
442 1002
443 1027
444 991
445 1037
446 1030
447 1064
448 1038
449 985
450 1012
451 991
452 974
453 1038
454 1029
455 971
456 1009
457 953
458 1015
459 1039
460 1006
461 1009
462 1065
463 1055
464 1017
465 969
466 1010
467 1034
468 1015
469 1032
470 1020
471 987
472 1024
473 975
474 1031
475 1023
476 1072
477 1019
478 1011
479 1028
480 986
481 973
482 931
483 1021
484 1019
485 1049
486 914
487 985
488 990
489 972
490 987
491 962
492 1051
493 1019
494 927
495 942
496 1006
497 1029
498 982
499 958
500 986
501 1053
502 1026
503 1051
504 1028
505 1040
506 984
507 978
508 981
509 995
510 991
511 1024
512 1057
513 1002
514 980
515 975
516 1019
517 1041
518 944
519 985
520 1001
521 1001
522 992
523 1075
524 971
525 974
526 985
527 1038
528 1012
529 1006
530 988
531 1027
532 1029
533 1034
534 1035
535 1021
536 981
537 1000
538 986
539 933
540 1042
541 985
542 1014
543 1022
544 985
545 1007
546 1020
547 981
548 999
549 989
550 1029
551 1037
552 969
553 952
554 992
555 992
556 989
557 1007
558 984
559 1056
560 1017
561 949
562 971
563 1010
564 1036
565 977
566 1013
567 1028
568 1011
569 967
570 1062
571 1024
572 998
573 993
574 1007
575 1000
576 1028
577 991
578 961
579 1003
580 1006
581 995
582 989
583 999
584 1028
585 950
586 979
587 1015
588 1001
589 1070
590 1006
591 1025
592 996
593 976
594 1025
595 984
596 936
597 1011
598 1006
599 1082
600 1012
601 1024
602 1024
603 991
604 993
605 976
606 955
607 1002
608 973
609 1007
610 990
611 1004
612 990
613 993
614 1021
615 993
616 964
617 1009
618 1052
619 977
620 980
621 1001
622 1037
623 1013
624 970
625 989
626 1000
627 990
628 1004
629 1043
630 985
631 980
632 1043
633 972
634 1028
635 1016
636 1011
637 1015
638 1014
639 1007
640 1000
641 953
642 962
643 1064
644 982
645 961
646 1016
647 1029
648 951
649 1010
650 1005
651 999
652 994
653 1017
654 978
655 1020
656 1019
657 1021
658 1014
659 986
660 980
661 993
662 963
663 993
664 1001
665 928
666 943
667 1030
668 1076
669 1018
670 1031
671 1033
672 1032
673 974
674 1035
675 998
676 1011
677 1038
678 943
679 963
680 991
681 987
682 1010
683 999
684 1003
685 1048
686 970
687 879
688 1063
689 967
690 977
691 1058
692 1071
693 1058
694 932
695 966
696 978
697 1036
698 965
699 1054
700 966
701 1025
702 1040
703 993
704 978
705 1070
706 977
707 1001
708 1003
709 1029
710 1011
711 980
712 1048
713 958
714 993
715 995
716 965
717 973
718 991
719 984
720 1000
721 924
722 995
723 963
724 976
725 1012
726 1029
727 956
728 983
729 1036
730 957
731 937
732 993
733 969
734 984
735 985
736 995
737 1006
738 970
739 1040
740 999
741 1033
742 1028
743 988
744 1025
745 988
746 1019
747 985
748 957
749 1038
750 1022
751 987
752 997
753 976
754 978
755 1033
756 1020
757 989
758 979
759 1049
760 988
761 1007
762 1032
763 1046
764 996
765 1008
766 986
767 1009
768 975
769 943
770 1009
771 1010
772 1001
773 1001
774 948
775 1011
776 991
777 1011
778 1005
779 996
780 1013
781 962
782 1013
783 979
784 1047
785 999
786 1022
787 1044
788 991
789 986
790 1012
791 1042
792 968
793 1049
794 999
795 999
796 1061
797 991
798 1031
799 978
800 973
801 963
802 990
803 984
804 961
805 1041
806 1020
807 991
808 957
809 998
810 945
811 951
812 1013
813 1034
814 999
815 1008
816 1064
817 974
818 989
819 1013
820 987
821 915
822 1021
823 964
824 984
825 980
826 1004
827 989
828 982
829 1004
830 1012
831 972
832 1005
833 997
834 1026
835 916
836 1024
837 1033
838 959
839 1008
840 952
841 978
842 1017
843 1018
844 1029
845 996
846 991
847 959
848 1046
849 986
850 977
851 1021
852 1000
853 1022
854 960
855 999
856 936
857 991
858 997
859 1003
860 975
861 974
862 1046
863 1055
864 949
865 1029
866 992
867 1045
868 993
869 1004
870 995
871 1033
872 1017
873 1003
874 1017
875 1011
876 996
877 969
878 1018
879 995
880 1011
881 1007
882 988
883 1031
884 958
885 1018
886 1057
887 1007
888 1070
889 971
890 966
891 988
892 958
893 984
894 979
895 993
896 989
897 950
898 991
899 952
900 989
901 1044
902 911
903 965
904 1033
905 1044
906 993
907 978
908 1032
909 1053
910 998
911 975
912 983
913 985
914 1060
915 1027
916 979
917 961
918 978
919 942
920 955
921 980
922 953
923 986
924 975
925 1025
926 983
927 972
928 988
929 950
930 1029
931 968
932 933
933 1019
934 980
935 976
936 973
937 1037
938 1007
939 960
940 1058
941 938
942 986
943 1061
944 1058
945 1014
946 1050
947 1008
948 992
949 1019
950 1012
951 1003
952 968
953 1006
954 940
955 997
956 1026
957 1022
958 1016
959 1003
960 951
961 1021
962 1031
963 990
964 1037
965 983
966 1018
967 1000
968 1028
969 987
970 1018
971 975
972 1030
973 977
974 980
975 1024
976 1008
977 973
978 960
979 1004
980 974
981 1005
982 962
983 1010
984 1012
985 1018
986 956
987 1013
988 1026
989 1019
990 1062
991 1028
992 1006
993 987
994 985
995 1017
996 1000
997 1073
998 1017
999 1041
