0 1017
1 1004
2 1004
3 1018
4 916
5 960
6 1039
7 1017
8 1014
9 1025
10 930
11 1009
12 1012
13 997
14 1037
15 1013
16 1040
17 1047
18 981
19 986
20 1048
21 998
22 1014
23 1010
24 1025
25 948
26 979
27 932
28 968
29 1059
30 943
31 1074
32 1012
33 981
34 1002
35 986
36 948
37 1007
38 1013
39 972
40 971
41 994
42 984
43 1028
44 994
45 1008
46 990
47 977
48 995
49 1042
50 993
51 986
52 954
53 1023
54 933
55 1030
56 1053
57 1032
58 1047
59 975
60 1027
61 990
62 1010
63 1038
64 988
65 1010
66 1012
67 965
68 1013
69 1018
70 979
71 980
72 982
73 1069
74 1046
75 958
76 1003
77 938
78 973
79 1008
80 1025
81 1077
82 1017
83 981
84 1017
85 1023
86 1057
87 1036
88 1011
89 1024
90 978
91 939
92 974
93 947
94 1023
95 1000
96 1011
97 1065
98 976
99 934
100 999
101 973
102 959
103 1007
104 994
105 1016
106 982
107 1016
108 1008
109 1001
110 1004
111 1014
112 985
113 1027
114 998
115 1042
116 972
117 972
118 977
119 1003
120 1045
121 1009
122 1011
123 998
124 1006
125 989
126 965
127 977
128 978
129 1041
130 987
131 1011
132 1034
133 1004
134 1006
135 990
136 961
137 950
138 952
139 1056
140 991
141 1005
142 1033
143 1022
144 981
145 983
146 982
147 1033
148 1017
149 968
150 993
151 999
152 1080
153 986
154 1000
155 971
156 950
157 1039
158 963
159 986
160 946
161 991
162 993
163 1061
164 943
165 987
166 1004
167 993
168 995
169 947
170 1044
171 987
172 1036
173 1039
174 974
175 941
176 973
177 992
178 1026
179 990
180 1009
181 1016
182 992
183 992
184 984
185 1053
186 979
187 975
188 991
189 955
190 1006
191 998
192 1039
193 1010
194 1036
195 1019
196 950
197 945
198 1044
199 951
200 947
201 983
202 1049
203 1010
204 1047
205 988
206 1006
207 969
208 1013
209 1017
210 973
211 971
212 1048
213 982
214 1008
215 1014
216 999
217 1011
218 972
219 1047
220 1004
221 966
222 995
223 1016
224 1019
225 967
226 1024
227 1003
228 1028
229 1025
230 1018
231 1012
232 991
233 1017
234 1022
235 1005
236 984
237 981
238 1003
239 1022
240 970
241 1008
242 996
243 998
244 980
245 992
246 999
247 1069
248 989
249 991
250 1012
251 992
252 1021
253 966
254 982
255 999
256 956
257 983
258 1014
259 992
260 1016
261 1013
262 998
263 983
264 1014
265 983
266 977
267 1020
268 1004
269 999
270 1004
271 941
272 986
273 973
274 1019
275 999
276 986
277 1033
278 965
279 1024
280 985
281 976
282 1053
283 1052
284 978
285 999
286 991
287 1051
288 965
289 1009
290 1036
291 1000
292 1018
293 937
294 995
295 976
296 1002
297 970
298 965
299 960
300 1007
301 1017
302 1019
303 1009
304 955
305 1054
306 972
307 993
308 1008
309 1000
310 1013
311 945
312 1002
313 976
314 955
315 1054
316 975
317 968
318 969
319 963
320 993
321 1020
322 988
323 1007
324 963
325 956
326 1027
327 1018
328 975
329 962
330 1030
331 966
332 1016
333 1017
334 939
335 1030
336 981
337 986
338 982
339 968
340 973
341 975
342 973
343 951
344 977
345 988
346 1062
347 966
348 1049
349 982
350 984
351 980
352 993
353 996
354 1016
355 997
356 987
357 975
358 1062
359 990
360 984
361 926
362 1014
363 1046
364 944
365 1036
366 1018
367 985
368 987
369 932
370 1034
371 930
372 1017
373 998
374 979
375 978
376 1048
377 1011
378 975
379 983
380 1010
381 1006
382 1039
383 1017
384 957
385 1011
386 1043
387 1017
388 1005
389 1029
390 985
391 966
392 1049
393 942
394 1028
395 990
396 966
397 1002
398 1023
399 1032
400 1004
401 909
402 993
403 962
404 949
405 1005
406 993
407 981
408 1016
409 1029
410 1044
411 980
412 954
413 1035
414 1003
415 1004
416 1005
417 980
418 970
419 1014
420 1013
421 1013
422 1042
423 1022
424 961
425 1031
426 929
427 925
428 992
429 984
430 1019
431 981
432 945
433 996
434 996
435 1052
436 1002
437 1032
438 934
439 1024
440 996
441 991
442 956
443 997
444 1004
445 954
446 1024
447 1010
448 1040
449 1025
450 1003
451 1003
452 988
453 991
454 923
455 1087
456 1016
457 1021
458 1025
459 1023
460 1011
461 1022
462 999
463 1032
464 1022
465 1004
466 1068
467 987
468 993
469 1007
470 968
471 977
472 999
473 970
474 966
475 953
476 956
477 1034
478 997
479 996
480 1000
481 983
482 1055
483 1016
484 980
485 972
486 988
487 974
488 975
489 994
490 964
491 999
492 941
493 955
494 1011
495 1000
496 999
497 1005
498 1046
499 1033
500 983
501 1025
502 1004
503 1039
504 987
505 1020
506 1001
507 941
508 1045
509 976
510 999
511 981
512 1008
513 965
514 989
515 976
516 971
517 1021
518 966
519 1040
520 1020
521 1016
522 959
523 1006
524 1019
525 984
526 1007
527 1008
528 963
529 1022
530 1037
531 1012
532 1044
533 993
534 976
535 962
536 1064
537 976
538 998
539 995
540 1012
541 1025
542 1001
543 981
544 971
545 1004
546 1028
547 1031
548 1046
549 980
550 1031
551 996
552 990
553 1010
554 976
555 933
556 998
557 954
558 1054
559 1019
560 975
561 995
562 988
563 958
564 1019
565 1008
566 1011
567 1004
568 1022
569 966
570 1000
571 948
572 942
573 1037
574 980
575 947
576 972
577 989
578 1055
579 1012
580 993
581 1024
582 962
583 1024
584 1026
585 1013
586 1028
587 1025
588 1018
589 1004
590 970
591 952
592 1038
593 952
594 1041
595 954
596 1024
597 999
598 997
599 950
600 954
601 956
602 1004
603 1021
604 938
605 1009
606 969
607 994
608 995
609 1018
610 982
611 970
612 986
613 998
614 991
615 982
616 993
617 1042
618 1028
619 1016
620 1012
621 1002
622 981
623 1001
624 1008
625 1030
626 994
627 1010
628 988
629 995
630 994
631 1014
632 1037
633 1057
634 1003
635 954
636 985
637 1023
638 1051
639 1021
640 991
641 1000
642 1007
643 1050
644 949
645 1040
646 972
647 1065
648 1002
649 1021
650 1015
651 980
652 986
653 1020
654 951
655 1041
656 992
657 1036
658 970
659 1010
660 995
661 1041
662 1015
663 1000
664 991
665 1050
666 1010
667 989
668 1014
669 973
670 1006
671 1012
672 1039
673 916
674 998
675 1027
676 994
677 976
678 999
679 1027
680 997
681 980
682 951
683 986
684 988
685 1002
686 1033
687 1031
688 1038
689 1006
690 1058
691 1026
692 947
693 1005
694 991
695 1003
696 971
697 995
698 1036
699 973
700 965
701 972
702 983
703 1017
704 942
705 968
706 989
707 1000
708 971
709 973
710 1016
711 968
712 1009
713 1048
714 954
715 1045
716 1027
717 973
718 1018
719 989
720 1012
721 987
722 1010
723 1020
724 983
725 948
726 967
727 1012
728 1012
729 1033
730 974
731 1035
732 982
733 1000
734 1036
735 1024
736 983
737 1021
738 983
739 973
740 978
741 1016
742 1022
743 982
744 959
745 1010
746 1029
747 1003
748 969
749 993
750 998
751 951
752 964
753 1003
754 978
755 1018
756 1010
757 1045
758 1097
759 1034
760 993
761 1015
762 982
763 1027
764 1009
765 1024
766 1005
767 984
768 1007
769 993
770 1014
771 983
772 1017
773 1050
774 1027
775 989
776 1000
777 1003
778 1016
779 1048
780 1034
781 1008
782 1030
783 986
784 1013
785 997
786 991
787 1045
788 1022
789 1016
790 1037
791 1029
792 1029
793 978
794 977
795 991
796 989
797 1033
798 968
799 1070
800 1020
801 1036
802 963
803 965
804 987
805 997
806 950
807 1024
808 1006
809 1006
810 1023
811 993
812 1029
813 984
814 941
815 987
816 1018
817 968
818 971
819 971
820 982
821 1060
822 971
823 998
824 1082
825 952
826 1001
827 1047
828 986
829 1051
830 1007
831 1049
832 1039
833 960
834 976
835 969
836 1020
837 1033
838 968
839 1012
840 994
841 1022
842 966
843 1004
844 1002
845 1059
846 1027
847 971
848 994
849 960
850 1008
851 1029
852 1054
853 995
854 959
855 994
856 1033
857 1044
858 956
859 953
860 1052
861 999
862 969
863 945
864 1042
865 1049
866 990
867 1048
868 1049
869 1014
870 975
871 1031
872 1037
873 1000
874 1028
875 998
876 1004
877 1005
878 1010
879 1014
880 988
881 995
882 989
883 1065
884 974
885 984
886 980
887 971
888 1013
889 1022
890 1008
891 1039
892 1043
893 1028
894 1005
895 989
896 1009
897 1075
898 1021
899 1031
900 931
901 972
902 971
903 990
904 981
905 1033
906 1057
907 1000
908 1031
909 959
910 1047
911 958
912 984
913 1043
914 992
915 1043
916 1041
917 969
918 1079
919 958
920 943
921 1002
922 995
923 959
924 965
925 969
926 983
927 1125
928 985
929 999
930 954
931 986
932 1042
933 975
934 1026
935 974
936 992
937 962
938 968
939 931
940 962
941 1007
942 1021
943 1043
944 1015
945 994
946 977
947 975
948 1005
949 980
950 997
951 992
952 1009
953 965
954 1005
955 1018
956 1016
957 1028
958 1030
959 930
960 982
961 966
962 1007
963 980
964 960
965 1004
966 1007
967 1062
968 1028
969 1000
970 1068
971 995
972 1055
973 980
974 1066
975 1006
976 1002
977 995
978 1025
979 1002
980 1026
981 977
982 987
983 1035
984 1043
985 1039
986 1034
987 1019
988 1032
989 1005
990 975
991 1027
992 1023
993 1039
994 969
995 978
996 1041
997 974
998 1047
999 1030
