10000 0.0050368
20000 0.0100088
30000 0.0172960
40000 0.0233672
50000 0.0293432
60000 0.0313736
70000 0.0388278
80000 0.0454854
90000 0.0512066
100000 0.0538110
110000 0.0566506
120000 0.0667236
130000 0.0734480
140000 0.0760620
150000 0.0793760
160000 0.0816658
170000 0.0849418
180000 0.0875262
190000 0.0904058
200000 0.0945962
210000 0.1113512
220000 0.1099160
230000 0.1107290
240000 0.1113890
250000 0.1139924
260000 0.1157820
270000 0.1194268
280000 0.1217838
290000 0.1258988
300000 0.1421268
310000 0.1398140
320000 0.1351050
330000 0.1385300
340000 0.1396918
350000 0.1448566
360000 0.1475072
370000 0.1497416
380000 0.1648952
390000 0.1574472
400000 0.1602552
410000 0.1631194
420000 0.1760872
430000 0.1828602
440000 0.1942528
450000 0.1880146
460000 0.1912848
470000 0.1966776
480000 0.1986708
490000 0.2037532
500000 0.2132002
510000 0.2088730
520000 0.2124578
530000 0.2097914
540000 0.2244352
550000 0.2242528
560000 0.2226312
570000 0.2273598
580000 0.2289964
590000 0.2435684
600000 0.2410894
610000 0.2397654
620000 0.2433372
630000 0.2578446
640000 0.2550746
650000 0.2606592
660000 0.2707556
670000 0.2755480
680000 0.2959826
690000 0.2750348
700000 0.2780512
710000 0.2912338
720000 0.3065574
730000 0.2812050
740000 0.2862562
750000 0.2952762
760000 0.2973888
770000 0.2874810
780000 0.2974186
790000 0.3004166
800000 0.2953790
810000 0.2994396
820000 0.3181754
830000 0.3318584
840000 0.3380864
850000 0.3508602
860000 0.3400110
870000 0.3469984
880000 0.3733104
890000 0.3538168
900000 0.3542060
910000 0.3754386
920000 0.3562584
930000 0.3641368
940000 0.3836594
950000 0.3733544
960000 0.3959992
970000 0.4028294
980000 0.3846794
990000 0.4031384
1000000 0.4089370
