10000 0.0052432
20000 0.0101490
30000 0.0175444
40000 0.0235410
50000 0.0290316
60000 0.0322666
70000 0.0392436
80000 0.0499366
90000 0.0514814
100000 0.0548990
110000 0.0582880
120000 0.0683162
130000 0.0713946
140000 0.0741384
150000 0.0779378
160000 0.0809614
170000 0.0854030
180000 0.0876490
190000 0.0981034
200000 0.1020976
210000 0.1065558
220000 0.1102940
230000 0.1059838
240000 0.1074012
250000 0.1108332
260000 0.1139856
270000 0.1241712
280000 0.1220914
290000 0.1329490
300000 0.1306562
310000 0.1300672
320000 0.1316936
330000 0.1334292
340000 0.1445710
350000 0.1441486
360000 0.1426952
370000 0.1588072
380000 0.1507766
390000 0.1520264
400000 0.1566868
410000 0.1593174
420000 0.1707422
430000 0.1846020
440000 0.1822234
450000 0.1820076
460000 0.1849984
470000 0.1885620
480000 0.1911068
490000 0.2068618
500000 0.1988962
510000 0.2029686
520000 0.2053822
530000 0.2129856
540000 0.2266742
550000 0.2153764
560000 0.2161270
570000 0.2216016
580000 0.2274382
590000 0.2348146
600000 0.2303066
610000 0.2312966
620000 0.2330210
630000 0.2522044
640000 0.2450198
650000 0.2458512
660000 0.2469328
670000 0.2635268
680000 0.2557266
690000 0.2611758
700000 0.2669020
710000 0.2793140
720000 0.2699082
730000 0.2785826
740000 0.2794522
750000 0.2977960
760000 0.2834382
770000 0.2854548
780000 0.3018588
790000 0.2919742
800000 0.2945954
810000 0.3015550
820000 0.3024788
830000 0.3202766
840000 0.3253816
850000 0.3388530
860000 0.3325902
870000 0.3380056
880000 0.3532668
890000 0.3411624
900000 0.3446066
910000 0.3603240
920000 0.3551744
930000 0.3586052
940000 0.3716116
950000 0.3712566
960000 0.3829834
970000 0.3736124
980000 0.3714502
990000 0.3861540
1000000 0.3810124
