10000 0.0093170
20000 0.0184136
30000 0.0311654
40000 0.0363932
50000 0.0541686
60000 0.0770468
70000 0.0857336
80000 0.0998034
90000 0.1007476
100000 0.1126200
110000 0.1244202
120000 0.1277948
130000 0.1542646
140000 0.1815090
150000 0.1904034
160000 0.2078142
170000 0.2220778
180000 0.2417700
190000 0.2461974
200000 0.2622114
210000 0.2563198
220000 0.2557190
230000 0.3003088
240000 0.3249818
250000 0.3662098
260000 0.3646344
270000 0.3604120
280000 0.3618230
290000 0.3727036
300000 0.3908794
310000 0.3840710
320000 0.3974034
330000 0.4105352
340000 0.3972862
350000 0.4117686
360000 0.4302970
370000 0.4313816
380000 0.4588778
390000 0.4324546
400000 0.4469310
410000 0.4645520
420000 0.4990202
430000 0.5010336
440000 0.5124562
450000 0.4971860
460000 0.5179294
470000 0.5291878
480000 0.5184474
490000 0.5241896
500000 0.5121686
510000 0.5293488
520000 0.5528178
530000 0.5432492
540000 0.5487346
550000 0.5479590
560000 0.5437956
570000 0.5718300
580000 0.5504012
590000 0.5649040
600000 0.5669362
610000 0.5675202
620000 0.5826358
630000 0.5792894
640000 0.5636610
650000 0.5788954
660000 0.5662496
670000 0.6028400
680000 0.6090584
690000 0.6219780
700000 0.5842954
710000 0.6010134
720000 0.5753780
730000 0.5866014
740000 0.6045498
750000 0.5855852
760000 0.6121426
770000 0.5960176
780000 0.6181500
790000 0.6036046
800000 0.6273382
810000 0.6186792
820000 0.6763084
830000 0.7563464
840000 0.8399534
850000 0.8237590
860000 0.8085392
870000 0.8419602
880000 0.8148964
890000 0.8287264
900000 0.8220592
910000 0.8433584
920000 0.8403192
930000 0.8240756
940000 0.8383406
950000 0.8487484
960000 0.9030080
970000 0.8669358
980000 0.8628146
990000 0.8821108
1000000 0.8441898
