10000 0.0049732
20000 0.0098664
30000 0.0171112
40000 0.0226560
50000 0.0297228
60000 0.0322834
70000 0.0393516
80000 0.0459628
90000 0.0515254
100000 0.0546578
110000 0.0574800
120000 0.0678354
130000 0.0730696
140000 0.0784468
150000 0.0885104
160000 0.0875892
170000 0.0903348
180000 0.0904008
190000 0.0938922
200000 0.0957840
210000 0.1013644
220000 0.1054620
230000 0.1090982
240000 0.1112788
250000 0.1141610
260000 0.1284368
270000 0.1243926
280000 0.1247786
290000 0.1251248
300000 0.1291020
310000 0.1327894
320000 0.1369276
330000 0.1394338
340000 0.1503520
350000 0.1499698
360000 0.1474098
370000 0.1509814
380000 0.1552030
390000 0.1614246
400000 0.1727128
410000 0.1807076
420000 0.1912964
430000 0.1866094
440000 0.1950520
450000 0.1895334
460000 0.1922952
470000 0.2106110
480000 0.1993954
490000 0.2044726
500000 0.2066654
510000 0.2093930
520000 0.2234660
530000 0.2187188
540000 0.2186626
550000 0.2214192
560000 0.2234588
570000 0.2394876
580000 0.2275784
590000 0.2394704
600000 0.2380544
610000 0.2516044
620000 0.2485912
630000 0.2509424
640000 0.2533560
650000 0.2606364
660000 0.2603010
670000 0.2631384
680000 0.2655716
690000 0.2806268
700000 0.2752696
710000 0.2773774
720000 0.2787776
730000 0.2934624
740000 0.2845930
750000 0.2872378
760000 0.2979416
770000 0.2963344
780000 0.2968674
790000 0.3015962
800000 0.3154588
810000 0.3077492
820000 0.3053856
830000 0.3455936
840000 0.3370868
850000 0.3337586
860000 0.3521804
870000 0.3472726
880000 0.3469426
890000 0.3617428
900000 0.3659966
910000 0.3621528
920000 0.3817178
930000 0.3745164
940000 0.3724214
950000 0.3910182
960000 0.3800340
970000 0.3785778
980000 0.4047058
990000 0.3853862
1000000 0.4010974
