0.1000000 0.5492150
0.1100000 0.5563740
0.1200000 0.5363120
0.1300000 0.5372460
0.1400000 0.5376220
0.1500000 0.5541510
0.1600000 0.4575600
0.1700000 0.4562780
0.1800000 0.4723920
0.1900000 0.4630150
0.2000000 0.5213480
0.2100000 0.5571930
0.2200000 0.5269790
0.2300000 0.5257600
0.2400000 0.5299150
0.2500000 0.4939950
0.2600000 0.5098610
0.2700000 0.5065960
0.2800000 0.5168530
0.2900000 0.5176920
0.3000000 0.5093970
0.3100000 0.5208650
0.3200000 0.4337500
0.3300000 0.4505200
0.3400000 0.4910910
0.3500000 0.4891380
0.3600000 0.4542060
0.3700000 0.4323360
0.3800000 0.4450370
0.3900000 0.4593990
0.4000000 0.4589420
0.4100000 0.4554770
0.4200000 0.4607880
0.4300000 0.4719220
0.4400000 0.5072410
0.4500000 0.4698010
0.4600000 0.4856480
0.4700000 0.4739070
0.4800000 0.4900470
0.4900000 0.5321920
0.5000000 0.5318410
0.5100000 0.5306430
0.5200000 0.5473740
0.5300000 0.4957110
0.5400000 0.5085940
0.5500000 0.4999370
0.5600000 0.4975800
0.5700000 0.4980120
0.5800000 0.5025830
0.5900000 0.5040610
0.6000000 0.5143170
0.6100000 0.5132620
0.6200000 0.5347650
0.6300000 0.5845370
0.6400000 0.4608900
0.6500000 0.4409230
0.6600000 0.4417410
0.6700000 0.4369810
0.6800000 0.4376370
0.6900000 0.4491920
0.7000000 0.4547950
0.7100000 0.4483940
0.7200000 0.4536680
0.7300000 0.4623880
0.7400000 0.4572490
0.7500000 0.4644930
0.7600000 0.4610070
0.7700000 0.4979430
0.7800000 0.5178240
0.7900000 0.4862450
0.8000000 0.4731970
0.8100000 0.4711890
0.8200000 0.4740380
0.8300000 0.4755150
0.8400000 0.4835210
0.8500000 0.4798030
0.8600000 0.4812250
0.8700000 0.4929900
0.8800000 0.4886620
0.8900000 0.4912000
0.9000000 0.5002600
0.9100000 0.4962710
0.9200000 0.5754090
0.9300000 0.5276520
0.9400000 0.5024620
0.9500000 0.5064270
0.9600000 0.5173300
0.9700000 0.5216730
0.9800000 0.5239710
0.9900000 0.5271810
