0.1000000 0.5242270
0.1100000 0.5223280
0.1200000 0.5542160
0.1300000 0.5559880
0.1400000 0.5495320
0.1500000 0.5325500
0.1600000 0.4315060
0.1700000 0.4584440
0.1800000 0.4473890
0.1900000 0.4510920
0.2000000 0.4510330
0.2100000 0.4487710
0.2200000 0.4489090
0.2300000 0.4490170
0.2400000 0.4602970
0.2500000 0.4856910
0.2600000 0.5190990
0.2700000 0.5041250
0.2800000 0.4987110
0.2900000 0.4635150
0.3000000 0.4745930
0.3100000 0.4718980
0.3200000 0.4092540
0.3300000 0.4120240
0.3400000 0.4153870
0.3500000 0.4180090
0.3600000 0.4228350
0.3700000 0.4294700
0.3800000 0.4357070
0.3900000 0.4372980
0.4000000 0.4619320
0.4100000 0.4811170
0.4200000 0.4638630
0.4300000 0.4455620
0.4400000 0.4462250
0.4500000 0.4548630
0.4600000 0.4554490
0.4700000 0.4642300
0.4800000 0.4690060
0.4900000 0.4612330
0.5000000 0.4614640
0.5100000 0.4761510
0.5200000 0.4769670
0.5300000 0.4811610
0.5400000 0.4820210
0.5500000 0.5227440
0.5600000 0.5211280
0.5700000 0.4756810
0.5800000 0.4813400
0.5900000 0.5226460
0.6000000 0.5208320
0.6100000 0.4935130
0.6200000 0.4966340
0.6300000 0.4922230
0.6400000 0.4469230
0.6500000 0.4392710
0.6600000 0.4437270
0.6700000 0.4424110
0.6800000 0.4532460
0.6900000 0.4739100
0.7000000 0.4931010
0.7100000 0.4654530
0.7200000 0.4525760
0.7300000 0.4490070
0.7400000 0.4556950
0.7500000 0.4598060
0.7600000 0.4717890
0.7700000 0.4642680
0.7800000 0.4665280
0.7900000 0.4761540
0.8000000 0.4713390
0.8100000 0.4779000
0.8200000 0.4791270
0.8300000 0.4879500
0.8400000 0.5336330
0.8500000 0.5162720
0.8600000 0.5027150
0.8700000 0.5078350
0.8800000 0.5072870
0.8900000 0.5095690
0.9000000 0.5132110
0.9100000 0.5249250
0.9200000 0.5291540
0.9300000 0.5394920
0.9400000 0.5456590
0.9500000 0.5775510
0.9600000 0.6486800
0.9700000 0.6917090
0.9800000 0.7680920
0.9900000 0.9525940
