0.0127156 0.0000010
0.0254313 0.0000006
0.0381469 0.0000005
0.0508626 0.0000005
0.0635782 0.0000004
0.0762938 0.0000004
0.0890095 0.0000004
0.1017251 0.0000005
0.1144408 0.0000005
0.1271564 0.0000004
0.1398721 0.0000004
0.1525877 0.0000005
0.1653033 0.0000005
0.1780190 0.0000004
0.1907346 0.0000005
0.2034503 0.0000004
0.2161659 0.0000004
0.2288815 0.0000005
0.2415972 0.0000005
0.2543128 0.0000005
0.2670285 0.0000005
0.2797441 0.0000005
0.2924598 0.0000005
0.3051754 0.0000005
0.3178910 0.0000005
0.3306067 0.0000005
0.3433223 0.0000005
0.3560380 0.0000005
0.3687536 0.0000005
0.3814692 0.0000005
0.3941849 0.0000005
0.4069005 0.0000005
0.4196162 0.0000005
0.4323318 0.0000004
0.4450474 0.0000004
0.4577631 0.0000004
0.4704787 0.0000004
0.4831944 0.0000004
0.4959100 0.0000005
0.5086257 0.0000005
0.5213413 0.0000004
0.5340569 0.0000005
0.5467726 0.0000004
0.5594882 0.0000004
0.5722039 0.0000004
0.5849195 0.0000004
0.5976351 0.0000004
0.6103508 0.0000004
0.6230664 0.0000004
0.6357821 0.0000004
0.6484977 0.0000004
0.6612134 0.0000004
0.6739290 0.0000004
0.6866446 0.0000004
0.6993603 0.0000004
0.7120759 0.0000004
0.7247916 0.0000004
0.7375072 0.0000004
0.7502228 0.0000004
0.7629385 0.0000005
0.7756541 0.0000005
0.7883698 0.0000005
0.8010854 0.0000005
0.8138010 0.0000005
0.8265167 0.0000005
0.8392323 0.0000005
0.8519480 0.0000005
0.8646636 0.0000006
0.8773793 0.0000006
0.8900949 0.0000006
0.9028105 0.0000006
0.9155262 0.0000005
0.9282418 0.0000005
0.9409575 0.0000005
0.9536731 0.0000005
0.9663887 0.0000005
0.9791044 0.0000005
0.9918200 0.0000006
1.0045357 0.0000006
1.0172513 0.0000006
1.0299670 0.0000006
1.0426826 0.0000006
1.0553982 0.0000006
1.0681139 0.0000006
1.0808295 0.0000006
1.0935452 0.0000006
1.1062608 0.0000006
1.1189764 0.0000006
1.1316921 0.0000005
1.1444077 0.0000005
1.1571234 0.0000005
1.1698390 0.0000005
1.1825546 0.0000005
1.1952703 0.0000005
1.2079859 0.0000005
1.2207016 0.0000005
1.2334172 0.0000005
1.2461329 0.0000005
1.2588485 0.0000005
1.2715641 0.0000005
