0.1000000 0.5211550
0.1100000 0.5455150
0.1200000 0.5226000
0.1300000 0.5342880
0.1400000 0.5204140
0.1500000 0.5823870
0.1600000 0.4864770
0.1700000 0.4721940
0.1800000 0.4560920
0.1900000 0.4574090
0.2000000 0.4518970
0.2100000 0.4656600
0.2200000 0.4615240
0.2300000 0.4681260
0.2400000 0.4625810
0.2500000 0.4731290
0.2600000 0.4751140
0.2700000 0.4761660
0.2800000 0.4745820
0.2900000 0.4857740
0.3000000 0.5488750
0.3100000 0.5156830
0.3200000 0.4246710
0.3300000 0.4337730
0.3400000 0.4391450
0.3500000 0.4395390
0.3600000 0.4457040
0.3700000 0.4447340
0.3800000 0.4405740
0.3900000 0.4449060
0.4000000 0.4440440
0.4100000 0.4487800
0.4200000 0.4600870
0.4300000 0.4691260
0.4400000 0.4778390
0.4500000 0.5053400
0.4600000 0.4936620
0.4700000 0.4695360
0.4800000 0.5417610
0.4900000 0.4974640
0.5000000 0.5074990
0.5100000 0.5081040
0.5200000 0.5190680
0.5300000 0.5573330
0.5400000 0.5231610
0.5500000 0.5284740
0.5600000 0.5003180
0.5700000 0.4883290
0.5800000 0.5301480
0.5900000 0.5548150
0.6000000 0.5453710
0.6100000 0.5215840
0.6200000 0.5086040
0.6300000 0.5016840
0.6400000 0.4424570
0.6500000 0.4436110
0.6600000 0.4487690
0.6700000 0.4455480
0.6800000 0.4526090
0.6900000 0.4500080
0.7000000 0.4521710
0.7100000 0.4690170
0.7200000 0.4614180
0.7300000 0.5220260
0.7400000 0.4885510
0.7500000 0.4588140
0.7600000 0.4755600
0.7700000 0.4763240
0.7800000 0.4649140
0.7900000 0.4702590
0.8000000 0.4759440
0.8100000 0.4822570
0.8200000 0.4856440
0.8300000 0.4965580
0.8400000 0.4778190
0.8500000 0.4839680
0.8600000 0.4954280
0.8700000 0.5391820
0.8800000 0.5255900
0.8900000 0.5058940
0.9000000 0.5038310
0.9100000 0.4910150
0.9200000 0.5024090
0.9300000 0.5128470
0.9400000 0.5138120
0.9500000 0.5141810
0.9600000 0.5241770
0.9700000 0.5225530
0.9800000 0.5269240
0.9900000 0.5277560
