1 0.0000016
2 0.0000014
3 0.0000014
4 0.0000014
5 0.0000008
6 0.0000010
7 0.0000012
8 0.0000012
9 0.0000012
10 0.0000014
11 0.0000010
12 0.0000018
13 0.0000014
14 0.0000012
15 0.0000016
16 0.0000010
17 0.0000012
18 0.0000018
19 0.0000018
20 0.0000016
21 0.0000014
22 0.0000014
23 0.0000018
24 0.0000016
25 0.0000014
26 0.0000016
27 0.0000018
28 0.0000020
29 0.0000022
30 0.0000022
31 0.0000020
32 0.0000024
33 0.0000022
34 0.0000024
35 0.0000022
36 0.0000022
37 0.0000022
38 0.0000020
39 0.0000026
40 0.0000022
41 0.0000026
42 0.0000026
43 0.0000024
44 0.0000022
45 0.0000022
46 0.0000030
47 0.0000030
48 0.0000024
49 0.0000024
50 0.0000026
51 0.0000026
52 0.0000026
53 0.0000032
54 0.0000026
55 0.0000034
56 0.0000028
57 0.0000028
58 0.0000030
59 0.0000032
60 0.0000032
61 0.0000038
62 0.0000034
63 0.0000036
64 0.0000032
65 0.0000032
66 0.0000036
67 0.0000036
68 0.0000034
69 0.0000038
70 0.0000038
71 0.0000038
72 0.0000038
73 0.0000038
74 0.0000038
75 0.0000034
76 0.0000038
77 0.0000038
78 0.0000042
79 0.0000042
80 0.0000042
81 0.0000044
82 0.0000042
83 0.0000040
84 0.0000040
85 0.0000044
86 0.0000046
87 0.0000046
88 0.0000042
89 0.0000046
90 0.0000050
91 0.0000046
92 0.0000048
93 0.0000040
94 0.0000042
95 0.0000046
96 0.0000048
97 0.0000050
98 0.0000052
99 0.0000052
100 0.0000054
101 0.0000052
102 0.0000056
103 0.0000050
104 0.0000052
105 0.0000054
106 0.0000054
107 0.0000054
108 0.0000058
109 0.0000060
110 0.0000058
111 0.0000058
112 0.0000058
113 0.0000062
114 0.0000058
115 0.0000054
116 0.0000062
117 0.0000064
118 0.0000062
119 0.0000066
120 0.0000060
121 0.0000064
122 0.0000064
123 0.0000068
124 0.0000064
125 0.0000064
126 0.0000068
127 0.0000068
128 0.0000070
129 0.0000068
130 0.0000072
131 0.0000068
132 0.0000076
133 0.0000070
134 0.0000078
135 0.0000072
136 0.0000072
137 0.0000072
138 0.0000076
139 0.0000074
140 0.0000072
141 0.0000076
142 0.0000074
143 0.0000074
144 0.0000074
145 0.0000080
146 0.0000082
147 0.0000082
148 0.0000076
149 0.0000080
150 0.0000078
