1 0.0000004
2 0.0000000
3 0.0000000
4 0.0000010
5 0.0000004
6 0.0000004
7 0.0000006
8 0.0000004
9 0.0000004
10 0.0000002
11 0.0000004
12 0.0000002
13 0.0000010
14 0.0000008
15 0.0000006
16 0.0000014
17 0.0000008
18 0.0000006
19 0.0000006
20 0.0000004
21 0.0000004
22 0.0000010
23 0.0000006
24 0.0000006
25 0.0000012
26 0.0000008
27 0.0000006
28 0.0000008
29 0.0000008
30 0.0000008
31 0.0000010
32 0.0000012
33 0.0000010
34 0.0000012
35 0.0000010
36 0.0000014
37 0.0000014
38 0.0000014
39 0.0000020
40 0.0000016
41 0.0000016
42 0.0000014
43 0.0000022
44 0.0000020
45 0.0000020
46 0.0000022
47 0.0000018
48 0.0000022
49 0.0000018
50 0.0000020
51 0.0000018
52 0.0000022
53 0.0000020
54 0.0000022
55 0.0000022
56 0.0000024
57 0.0000022
58 0.0000024
59 0.0000020
60 0.0000024
61 0.0000026
62 0.0000030
63 0.0000026
64 0.0000026
65 0.0000026
66 0.0000030
67 0.0000032
68 0.0000028
69 0.0000030
70 0.0000028
71 0.0000030
72 0.0000034
73 0.0000034
74 0.0000034
75 0.0000036
76 0.0000040
77 0.0000038
78 0.0000038
79 0.0000040
80 0.0000034
81 0.0000036
82 0.0000038
83 0.0000042
84 0.0000040
85 0.0000042
86 0.0000044
87 0.0000048
88 0.0000044
89 0.0000048
90 0.0000048
91 0.0000048
92 0.0000052
93 0.0000052
94 0.0000050
95 0.0000054
96 0.0000050
97 0.0000052
98 0.0000050
99 0.0000052
100 0.0000054
101 0.0000056
102 0.0000056
103 0.0000062
104 0.0000060
105 0.0000068
106 0.0000068
107 0.0000070
108 0.0000062
109 0.0000066
110 0.0000068
111 0.0000062
112 0.0000066
113 0.0000064
114 0.0000070
115 0.0000070
116 0.0000074
117 0.0000076
118 0.0000074
119 0.0000070
120 0.0000078
121 0.0000074
122 0.0000078
123 0.0000074
124 0.0000086
125 0.0000080
126 0.0000078
127 0.0000090
128 0.0000084
129 0.0000084
130 0.0000084
131 0.0000088
132 0.0000092
133 0.0000090
134 0.0000092
135 0.0000096
136 0.0000094
137 0.0000098
138 0.0000118
139 0.0000092
140 0.0000098
141 0.0000102
142 0.0000096
143 0.0000102
144 0.0000110
145 0.0000106
146 0.0000098
147 0.0000104
148 0.0000104
149 0.0000106
150 0.0000108
