0 0.0000030
10000 0.0022604
20000 0.0027880
30000 0.0032232
40000 0.0042866
50000 0.0055208
60000 0.0068116
70000 0.0077912
80000 0.0090576
90000 0.0102376
100000 0.0118394
110000 0.0138356
120000 0.0150112
130000 0.0171308
140000 0.0167970
150000 0.0178564
160000 0.0194590
170000 0.0204148
180000 0.0213272
190000 0.0227928
200000 0.0236372
210000 0.0247310
220000 0.0257668
230000 0.0270312
240000 0.0285106
250000 0.0296098
260000 0.0310368
270000 0.0321580
280000 0.0333528
290000 0.0347252
300000 0.0368112
310000 0.0372940
320000 0.0384970
330000 0.0395056
340000 0.0417240
350000 0.0421542
360000 0.0429366
370000 0.0442718
380000 0.0462060
390000 0.0507406
400000 0.0521294
410000 0.0526392
420000 0.0524294
430000 0.0532608
440000 0.0536274
450000 0.0553080
460000 0.0558944
470000 0.0585270
480000 0.0585446
490000 0.0598172
500000 0.0622800
510000 0.0627028
520000 0.0633714
530000 0.0655960
540000 0.0673416
550000 0.0740836
560000 0.0728388
570000 0.0712646
580000 0.0723664
590000 0.0736756
600000 0.0743564
610000 0.0767388
620000 0.0773434
630000 0.0789528
640000 0.0794268
650000 0.0806292
660000 0.0873876
670000 0.0886136
680000 0.0865830
690000 0.0871608
700000 0.0877522
710000 0.0888566
720000 0.0909946
730000 0.0909972
740000 0.0938558
750000 0.0940614
760000 0.1013374
770000 0.0990812
780000 0.0978512
790000 0.0996140
800000 0.1019414
810000 0.1006870
820000 0.1033906
830000 0.1068562
840000 0.1066980
850000 0.1133678
860000 0.1147890
870000 0.1115126
880000 0.1117158
890000 0.1122046
900000 0.1148966
910000 0.1150988
920000 0.1168558
930000 0.1249516
940000 0.1205222
950000 0.1202318
960000 0.1222710
970000 0.1232922
980000 0.1250322
990000 0.1280564
1000000 0.1336610
