0 0.2381540
1 0.1586420
2 0.1273642
3 0.1292202
4 0.1339636
5 0.1292572
6 0.1286186
7 0.1278570
8 0.1290664
9 0.1283568
10 0.1279516
11 0.1354170
12 0.1285078
13 0.1286442
14 0.1277150
15 0.1276536
16 0.1286556
17 0.1280644
18 0.1342384
19 0.1290916
20 0.1272118
21 0.1276842
22 0.1281488
23 0.1266766
24 0.1288922
25 0.1344904
26 0.1281856
27 0.1258284
28 0.1258462
29 0.1255862
30 0.1256048
31 0.1263572
32 0.1315494
33 0.1325510
34 0.1295826
35 0.1309730
36 0.1291164
37 0.1290726
38 0.1296898
39 0.1323120
40 0.1312568
41 0.1264390
42 0.1274868
43 0.1295842
44 0.1265760
45 0.1281724
46 0.1280362
47 0.1329842
48 0.1270846
49 0.1267886
50 0.1284172
