0 0.0000016
10000 0.0016084
20000 0.0020996
30000 0.0025032
40000 0.0033038
50000 0.0042480
60000 0.0051708
70000 0.0059890
80000 0.0067316
90000 0.0077884
100000 0.0085428
110000 0.0094388
120000 0.0105046
130000 0.0114862
140000 0.0121888
150000 0.0135090
160000 0.0144190
170000 0.0154508
180000 0.0162320
190000 0.0173210
200000 0.0182772
210000 0.0191066
220000 0.0200892
230000 0.0208200
240000 0.0222932
250000 0.0231974
260000 0.0241304
270000 0.0248184
280000 0.0255324
290000 0.0270118
300000 0.0280372
310000 0.0289478
320000 0.0297246
330000 0.0308914
340000 0.0317086
350000 0.0326880
360000 0.0367056
370000 0.0380124
380000 0.0371512
390000 0.0375104
400000 0.0376942
410000 0.0386980
420000 0.0401100
430000 0.0409366
440000 0.0418454
450000 0.0429566
460000 0.0442080
470000 0.0451130
480000 0.0460158
490000 0.0471312
500000 0.0475908
510000 0.0493544
520000 0.0496852
530000 0.0510042
540000 0.0589124
550000 0.0552774
560000 0.0549400
570000 0.0557638
580000 0.0562038
590000 0.0577770
600000 0.0584374
610000 0.0602026
620000 0.0610690
630000 0.0621080
640000 0.0623064
650000 0.0635838
660000 0.0645984
670000 0.0715690
680000 0.0684418
690000 0.0679620
700000 0.0689684
710000 0.0702666
720000 0.0713838
730000 0.0716996
740000 0.0731220
750000 0.0742230
760000 0.0752254
770000 0.0770912
780000 0.0866586
790000 0.0797770
800000 0.0790982
810000 0.0800984
820000 0.0817130
830000 0.0827688
840000 0.0845024
850000 0.0845448
860000 0.0855862
870000 0.0898394
880000 0.0923018
890000 0.0888900
900000 0.0902090
910000 0.0912926
920000 0.0922244
930000 0.0921868
940000 0.0941988
950000 0.0955268
960000 0.1044502
970000 0.1004118
980000 0.0999590
990000 0.0995504
1000000 0.1015526
