0 0.0000004
10000 0.0014056
20000 0.0029672
30000 0.0046052
40000 0.0063514
50000 0.0082010
60000 0.0100732
70000 0.0117890
80000 0.0136050
90000 0.0155262
100000 0.0176024
110000 0.0199784
120000 0.0222304
130000 0.0233796
140000 0.0254184
150000 0.0272010
160000 0.0293532
170000 0.0348304
180000 0.0362700
190000 0.0364362
200000 0.0388878
210000 0.0401936
220000 0.0424562
230000 0.0441568
240000 0.0472362
250000 0.0489372
260000 0.0496208
270000 0.0514820
280000 0.0572696
290000 0.0595240
300000 0.0585734
310000 0.0616148
320000 0.0660210
330000 0.0643762
340000 0.0664098
350000 0.0706214
360000 0.0710660
370000 0.0760510
380000 0.0812172
390000 0.0810634
400000 0.0815390
410000 0.0823394
420000 0.0832192
430000 0.0871396
440000 0.0900530
450000 0.0914202
460000 0.0928392
470000 0.0965540
480000 0.0962390
490000 0.0985866
500000 0.1029344
510000 0.1146370
520000 0.1119920
530000 0.1083844
540000 0.1090838
550000 0.1112346
560000 0.1137340
570000 0.1152784
580000 0.1198008
590000 0.1252946
600000 0.1303800
610000 0.1374490
620000 0.1335616
630000 0.1336892
640000 0.1376650
650000 0.1372786
660000 0.1390466
670000 0.1410260
680000 0.1423638
690000 0.1464432
700000 0.1581934
710000 0.1517566
720000 0.1553960
730000 0.1549294
740000 0.1600124
750000 0.1595198
760000 0.1591818
770000 0.1787594
780000 0.1741284
790000 0.1684654
800000 0.1750404
810000 0.1748780
820000 0.1808494
830000 0.1809892
840000 0.1962890
850000 0.1930562
860000 0.1893958
870000 0.1906212
880000 0.1919008
890000 0.1964092
900000 0.2060920
910000 0.2081318
920000 0.2002034
930000 0.1993178
940000 0.2046606
950000 0.2025866
960000 0.2174088
970000 0.2141984
980000 0.2127626
990000 0.2201054
1000000 0.2230920
