0 0.0000014
10000 0.0025992
20000 0.0035194
30000 0.0044814
40000 0.0061006
50000 0.0078950
60000 0.0095898
70000 0.0117224
80000 0.0139866
90000 0.0147616
100000 0.0168470
110000 0.0191924
120000 0.0222938
130000 0.0243284
140000 0.0257666
150000 0.0270230
160000 0.0285254
170000 0.0310432
180000 0.0329738
190000 0.0333686
200000 0.0354258
210000 0.0372440
220000 0.0393228
230000 0.0413576
240000 0.0429300
250000 0.0449928
260000 0.0467898
270000 0.0506646
280000 0.0521948
290000 0.0532736
300000 0.0548936
310000 0.0570298
320000 0.0584158
330000 0.0609316
340000 0.0622316
350000 0.0643410
360000 0.0672312
370000 0.0769322
380000 0.0749540
390000 0.0755826
400000 0.0744028
410000 0.0775574
420000 0.0790698
430000 0.0804356
440000 0.0828344
450000 0.0845676
460000 0.0869806
470000 0.0893468
480000 0.0908078
490000 0.0928096
500000 0.0949270
510000 0.1081538
520000 0.1017594
530000 0.1014266
540000 0.1041214
550000 0.1054254
560000 0.1073560
570000 0.1096670
580000 0.1119860
590000 0.1136186
600000 0.1158158
610000 0.1260458
620000 0.1229150
630000 0.1222588
640000 0.1240722
650000 0.1261636
660000 0.1282514
670000 0.1304926
680000 0.1323910
690000 0.1344274
700000 0.1469926
710000 0.1419882
720000 0.1409758
730000 0.1430862
740000 0.1453740
750000 0.1507128
760000 0.1511422
770000 0.1543132
780000 0.1658868
790000 0.1592906
800000 0.1579026
810000 0.1601062
820000 0.1625500
830000 0.1645412
840000 0.1667426
850000 0.1796322
860000 0.1751446
870000 0.1730340
880000 0.1790864
890000 0.1772564
900000 0.1797074
910000 0.1885504
920000 0.1905578
930000 0.1872642
940000 0.1889982
950000 0.1903672
960000 0.1932466
970000 0.2008528
980000 0.2033996
990000 0.2075666
1000000 0.2123958
