0 0.0000012
10000 0.0012472
20000 0.0026966
30000 0.0042082
40000 0.0058150
50000 0.0074522
60000 0.0090582
70000 0.0110444
80000 0.0129218
90000 0.0152522
100000 0.0171130
110000 0.0186984
120000 0.0204608
130000 0.0221180
140000 0.0242132
150000 0.0255176
160000 0.0269282
170000 0.0285632
180000 0.0306540
190000 0.0326484
200000 0.0341922
210000 0.0360686
220000 0.0378624
230000 0.0404824
240000 0.0422256
250000 0.0440856
260000 0.0465450
270000 0.0479948
280000 0.0495816
290000 0.0516862
300000 0.0537682
310000 0.0556488
320000 0.0569936
330000 0.0594940
340000 0.0609530
350000 0.0664516
360000 0.0689336
370000 0.0689464
380000 0.0687116
390000 0.0698768
400000 0.0716958
410000 0.0754568
420000 0.0756740
430000 0.0798568
440000 0.0801970
450000 0.0827324
460000 0.0839406
470000 0.0879816
480000 0.0918714
490000 0.0965262
500000 0.0956652
510000 0.0933990
520000 0.0962986
530000 0.1022074
540000 0.0993838
550000 0.1014330
560000 0.1076474
570000 0.1047686
580000 0.1070582
590000 0.1131144
600000 0.1173848
610000 0.1160322
620000 0.1189668
630000 0.1160378
640000 0.1183020
650000 0.1203956
660000 0.1250134
670000 0.1282454
680000 0.1338504
690000 0.1389002
700000 0.1337460
710000 0.1333812
720000 0.1340880
730000 0.1361528
740000 0.1399278
750000 0.1410262
760000 0.1534758
770000 0.1565754
780000 0.1463642
790000 0.1531114
800000 0.1531910
810000 0.1543526
820000 0.1583594
830000 0.1580812
840000 0.1731052
850000 0.1626150
860000 0.1686238
870000 0.1687986
880000 0.1678536
890000 0.1741178
900000 0.1809512
910000 0.1865400
920000 0.1858180
930000 0.1805054
940000 0.1840436
950000 0.1909944
960000 0.1976970
970000 0.2005474
980000 0.2042066
990000 0.1943542
1000000 0.1956304
