0 0.0000006
10000 0.0012486
20000 0.0026872
30000 0.0041250
40000 0.0056782
50000 0.0073242
60000 0.0089290
70000 0.0106592
80000 0.0124392
90000 0.0147072
100000 0.0160856
110000 0.0178190
120000 0.0196252
130000 0.0217578
140000 0.0236694
150000 0.0246048
160000 0.0282808
170000 0.0317124
180000 0.0329208
190000 0.0341008
200000 0.0364000
210000 0.0372936
220000 0.0395770
230000 0.0413498
240000 0.0429660
250000 0.0452834
260000 0.0472890
270000 0.0494064
280000 0.0510526
290000 0.0533574
300000 0.0555198
310000 0.0582154
320000 0.0592932
330000 0.0609662
340000 0.0617182
350000 0.0633880
360000 0.0651966
370000 0.0672002
380000 0.0748598
390000 0.0727798
400000 0.0760202
410000 0.0745544
420000 0.0775318
430000 0.0787990
440000 0.0811246
450000 0.0832132
460000 0.0852000
470000 0.0870080
480000 0.0879636
490000 0.0893514
500000 0.0927804
510000 0.1011208
520000 0.0986486
530000 0.0979630
540000 0.0989104
550000 0.1027320
560000 0.1024362
570000 0.1070014
580000 0.1066030
590000 0.1082124
600000 0.1104286
610000 0.1182226
620000 0.1210052
630000 0.1226436
640000 0.1179564
650000 0.1201560
660000 0.1263764
670000 0.1261070
680000 0.1309530
690000 0.1293810
700000 0.1405304
710000 0.1336128
720000 0.1422388
730000 0.1472710
740000 0.1398016
750000 0.1400780
760000 0.1399776
770000 0.1411678
780000 0.1679220
790000 0.1482796
800000 0.1579664
810000 0.1540412
820000 0.1559192
830000 0.1572686
840000 0.1601348
850000 0.1705594
860000 0.1656102
870000 0.1678974
880000 0.1668674
890000 0.1673526
900000 0.1728980
910000 0.1793476
920000 0.1833960
930000 0.1799086
940000 0.1802360
950000 0.1838322
960000 0.1858070
970000 0.1856172
980000 0.2021674
990000 0.1941844
1000000 0.1973836
