0 0.0000010
10000 0.0012414
20000 0.0026904
30000 0.0041138
40000 0.0057804
50000 0.0076560
60000 0.0094834
70000 0.0112800
80000 0.0124468
90000 0.0142546
100000 0.0162686
110000 0.0179548
120000 0.0195830
130000 0.0209426
140000 0.0229290
150000 0.0241424
160000 0.0267080
170000 0.0286410
180000 0.0297818
190000 0.0313724
200000 0.0330384
210000 0.0348596
220000 0.0368826
230000 0.0382316
240000 0.0407072
250000 0.0434378
260000 0.0469868
270000 0.0516448
280000 0.0524514
290000 0.0541496
300000 0.0544176
310000 0.0557824
320000 0.0572982
330000 0.0619874
340000 0.0630876
350000 0.0634634
360000 0.0653776
370000 0.0645138
380000 0.0660536
390000 0.0692500
400000 0.0703258
410000 0.0716572
420000 0.0737636
430000 0.0803552
440000 0.0863790
450000 0.0854026
460000 0.0840506
470000 0.0839184
480000 0.0880790
490000 0.0896702
500000 0.0911908
510000 0.0934286
520000 0.0963352
530000 0.0961374
540000 0.0978282
550000 0.1053966
560000 0.1077044
570000 0.1035640
580000 0.1042006
590000 0.1067662
600000 0.1078990
610000 0.1098048
620000 0.1126296
630000 0.1145588
640000 0.1195246
650000 0.1256562
660000 0.1245744
670000 0.1222812
680000 0.1238118
690000 0.1255350
700000 0.1291770
710000 0.1302220
720000 0.1314094
730000 0.1341116
740000 0.1495910
750000 0.1385210
760000 0.1397722
770000 0.1412520
780000 0.1434078
790000 0.1473500
800000 0.1518716
810000 0.1583954
820000 0.1641454
830000 0.1538212
840000 0.1570932
850000 0.1600732
860000 0.1606470
870000 0.1671860
880000 0.1700890
890000 0.1758286
900000 0.1684344
910000 0.1745768
920000 0.1762208
930000 0.1746932
940000 0.1862748
950000 0.1968290
960000 0.1951654
970000 0.1963704
980000 0.1842788
990000 0.1906292
1000000 0.1880330
