0 0.0000010
10000 0.0012814
20000 0.0026662
30000 0.0041390
40000 0.0059314
50000 0.0077272
60000 0.0094406
70000 0.0112486
80000 0.0132040
90000 0.0153614
100000 0.0172206
110000 0.0182628
120000 0.0198990
130000 0.0212082
140000 0.0234162
150000 0.0246548
160000 0.0267410
170000 0.0279380
180000 0.0295680
190000 0.0313978
200000 0.0331608
210000 0.0366890
220000 0.0371102
230000 0.0409234
240000 0.0427304
250000 0.0428980
260000 0.0443022
270000 0.0460028
280000 0.0482022
290000 0.0499446
300000 0.0515626
310000 0.0536252
320000 0.0560968
330000 0.0590512
340000 0.0601604
350000 0.0680606
360000 0.0671564
370000 0.0675310
380000 0.0666972
390000 0.0686480
400000 0.0704026
410000 0.0722928
420000 0.0746556
430000 0.0780484
440000 0.0785854
450000 0.0814030
460000 0.0832348
470000 0.0843058
480000 0.0861388
490000 0.0969348
500000 0.0946086
510000 0.0923640
520000 0.0939366
530000 0.0962886
540000 0.0981332
550000 0.1001206
560000 0.1025564
570000 0.1036254
580000 0.1058278
590000 0.1084978
600000 0.1209512
610000 0.1142902
620000 0.1133114
630000 0.1148182
640000 0.1197010
650000 0.1203308
660000 0.1279624
670000 0.1246078
680000 0.1281192
690000 0.1395092
700000 0.1315534
710000 0.1310294
720000 0.1327214
730000 0.1364470
740000 0.1368646
750000 0.1429696
760000 0.1427790
770000 0.1556754
780000 0.1485066
790000 0.1536668
800000 0.1599836
810000 0.1605874
820000 0.1610948
830000 0.1618078
840000 0.1682660
850000 0.1679336
860000 0.1679610
870000 0.1695054
880000 0.1695910
890000 0.1677246
900000 0.1758494
910000 0.1814470
920000 0.1754264
930000 0.1758784
940000 0.1803892
950000 0.1839670
960000 0.1818928
970000 0.2010068
980000 0.1862390
990000 0.1881520
1000000 0.1900554
