0 0.0000002
10000 0.0012726
20000 0.0027362
30000 0.0042222
40000 0.0057970
50000 0.0073588
60000 0.0090142
70000 0.0108074
80000 0.0126218
90000 0.0144234
100000 0.0165804
110000 0.0180836
120000 0.0196482
130000 0.0214030
140000 0.0230138
150000 0.0251484
160000 0.0265864
170000 0.0282666
180000 0.0303454
190000 0.0320254
200000 0.0378542
210000 0.0394446
220000 0.0390166
230000 0.0411246
240000 0.0413336
250000 0.0433228
260000 0.0450306
270000 0.0467634
280000 0.0487646
290000 0.0515052
300000 0.0524068
310000 0.0544556
320000 0.0563454
330000 0.0580906
340000 0.0601026
350000 0.0620804
360000 0.0639226
370000 0.0662246
380000 0.0678952
390000 0.0704676
400000 0.0807166
410000 0.0780456
420000 0.0770956
430000 0.0795518
440000 0.0797338
450000 0.0815486
460000 0.0839118
470000 0.0855796
480000 0.0879342
490000 0.0898278
500000 0.0930802
510000 0.0994012
520000 0.0971042
530000 0.1072470
540000 0.1016750
550000 0.1025472
560000 0.1040070
570000 0.1060582
580000 0.1077268
590000 0.1097612
600000 0.1173656
610000 0.1167926
620000 0.1192498
630000 0.1301564
640000 0.1228172
650000 0.1258006
660000 0.1249276
670000 0.1267940
680000 0.1313794
690000 0.1332884
700000 0.1333910
710000 0.1478626
720000 0.1435714
730000 0.1442346
740000 0.1462364
750000 0.1453950
760000 0.1464466
770000 0.1589896
780000 0.1570490
790000 0.1658942
800000 0.1600554
810000 0.1571072
820000 0.1575830
830000 0.1598108
840000 0.1621066
850000 0.1651028
860000 0.1811142
870000 0.1707428
880000 0.1726912
890000 0.1757428
900000 0.1744764
910000 0.1825968
920000 0.1923062
930000 0.1903468
940000 0.1889922
950000 0.1855514
960000 0.1913334
970000 0.1909968
980000 0.2054290
990000 0.1952322
1000000 0.1960094
