0 0.0000016
10000 0.0029776
20000 0.0038480
30000 0.0047868
40000 0.0066122
50000 0.0085008
60000 0.0107260
70000 0.0130256
80000 0.0145570
90000 0.0160186
100000 0.0182368
110000 0.0199170
120000 0.0241012
130000 0.0262814
140000 0.0281134
150000 0.0291124
160000 0.0315426
170000 0.0331780
180000 0.0343350
190000 0.0366144
200000 0.0385788
210000 0.0403108
220000 0.0447012
230000 0.0448700
240000 0.0472950
250000 0.0496328
260000 0.0514228
270000 0.0533410
280000 0.0556846
290000 0.0576994
300000 0.0608148
310000 0.0623740
320000 0.0648942
330000 0.0670854
340000 0.0704612
350000 0.0716464
360000 0.0804080
370000 0.0777514
380000 0.0780310
390000 0.0799282
400000 0.0833008
410000 0.0847580
420000 0.0865076
430000 0.0893292
440000 0.0907028
450000 0.0935728
460000 0.0966764
470000 0.0978778
480000 0.1008464
490000 0.1099890
500000 0.1061212
510000 0.1075394
520000 0.1079666
530000 0.1117754
540000 0.1142646
550000 0.1158524
560000 0.1181762
570000 0.1208734
580000 0.1207196
590000 0.1353304
600000 0.1290192
610000 0.1296770
620000 0.1314242
630000 0.1356150
640000 0.1367886
650000 0.1386576
660000 0.1404516
670000 0.1482842
680000 0.1523474
690000 0.1496328
700000 0.1487338
710000 0.1500358
720000 0.1534110
730000 0.1543566
740000 0.1602308
750000 0.1722402
760000 0.1668252
770000 0.1656654
780000 0.1711234
790000 0.1718246
800000 0.1740238
810000 0.1764764
820000 0.1911410
830000 0.1857034
840000 0.1838512
850000 0.1873634
860000 0.1873820
870000 0.1946532
880000 0.2005372
890000 0.2078620
900000 0.2021192
910000 0.2008856
920000 0.2085024
930000 0.2054696
940000 0.2112406
950000 0.2178532
960000 0.2150414
970000 0.2180384
980000 0.2169078
990000 0.2212972
1000000 0.2417048
