0 0.0000014
10000 0.0014116
20000 0.0029568
30000 0.0045814
40000 0.0063402
50000 0.0080580
60000 0.0099486
70000 0.0117848
80000 0.0135134
90000 0.0154856
100000 0.0172986
110000 0.0200018
120000 0.0217894
130000 0.0243658
140000 0.0261324
150000 0.0281680
160000 0.0291770
170000 0.0310922
180000 0.0342832
190000 0.0364948
200000 0.0381298
210000 0.0405676
220000 0.0455988
230000 0.0458082
240000 0.0467076
250000 0.0495106
260000 0.0511048
270000 0.0529528
280000 0.0537328
290000 0.0561512
300000 0.0588692
310000 0.0597126
320000 0.0607064
330000 0.0703824
340000 0.0703806
350000 0.0708822
360000 0.0708060
370000 0.0747870
380000 0.0778326
390000 0.0808420
400000 0.0867050
410000 0.0854134
420000 0.0858156
430000 0.0910908
440000 0.0914784
450000 0.0910112
460000 0.0915452
470000 0.0926498
480000 0.1001388
490000 0.0992612
500000 0.0984390
510000 0.1032122
520000 0.1126482
530000 0.1123590
540000 0.1128744
550000 0.1116150
560000 0.1117592
570000 0.1156740
580000 0.1167164
590000 0.1192318
600000 0.1209206
610000 0.1301556
620000 0.1303636
630000 0.1262364
640000 0.1310664
650000 0.1349532
660000 0.1327438
670000 0.1349684
680000 0.1380654
690000 0.1414022
700000 0.1566658
710000 0.1447928
720000 0.1483732
730000 0.1487992
740000 0.1495548
750000 0.1523810
760000 0.1542278
770000 0.1681066
780000 0.1646586
790000 0.1603406
800000 0.1634616
810000 0.1657634
820000 0.1688620
830000 0.1710358
840000 0.1846452
850000 0.1779112
860000 0.1753750
870000 0.1785726
880000 0.1799008
890000 0.1835408
900000 0.1865282
910000 0.1999896
920000 0.1896854
930000 0.1961836
940000 0.1996216
950000 0.1956836
960000 0.2131826
970000 0.2093722
980000 0.2076468
990000 0.2092310
1000000 0.2158076
