0 0.0000018
10000 0.0016046
20000 0.0026208
30000 0.0040570
40000 0.0053428
50000 0.0067848
60000 0.0081930
70000 0.0097150
80000 0.0112448
90000 0.0125740
100000 0.0139610
110000 0.0151398
120000 0.0164340
130000 0.0180542
140000 0.0199840
150000 0.0211896
160000 0.0225770
170000 0.0240366
180000 0.0252872
190000 0.0269980
200000 0.0284504
210000 0.0301922
220000 0.0317938
230000 0.0337056
240000 0.0351402
250000 0.0364582
260000 0.0379500
270000 0.0402902
280000 0.0416320
290000 0.0429618
300000 0.0449032
310000 0.0458428
320000 0.0474088
330000 0.0492564
340000 0.0504450
350000 0.0557868
360000 0.0593028
370000 0.0570384
380000 0.0572580
390000 0.0584432
400000 0.0603106
410000 0.0617606
420000 0.0634114
430000 0.0651750
440000 0.0665486
450000 0.0682280
460000 0.0700736
470000 0.0715780
480000 0.0732938
490000 0.0748332
500000 0.0785572
510000 0.0866424
520000 0.0830568
530000 0.0847912
540000 0.0861040
550000 0.0874664
560000 0.0890944
570000 0.0903062
580000 0.0914680
590000 0.0933290
600000 0.0944404
610000 0.0975238
620000 0.1064512
630000 0.1012080
640000 0.1009208
650000 0.1024734
660000 0.1050242
670000 0.1056906
680000 0.1068868
690000 0.1086514
700000 0.1103108
710000 0.1197518
720000 0.1162792
730000 0.1151858
740000 0.1169938
750000 0.1181164
760000 0.1190700
770000 0.1210006
780000 0.1227744
790000 0.1292922
800000 0.1318500
810000 0.1278936
820000 0.1297788
830000 0.1311054
840000 0.1326082
850000 0.1341892
860000 0.1365328
870000 0.1480884
880000 0.1420292
890000 0.1412724
900000 0.1428872
910000 0.1444718
920000 0.1466762
930000 0.1484356
940000 0.1567710
950000 0.1534980
960000 0.1530858
970000 0.1549822
980000 0.1569590
990000 0.1590184
1000000 0.1606432
