0 0.0000010
10000 0.0013254
20000 0.0027710
30000 0.0042388
40000 0.0060838
50000 0.0077396
60000 0.0091814
70000 0.0110156
80000 0.0132040
90000 0.0149124
100000 0.0161736
110000 0.0177714
120000 0.0193848
130000 0.0206450
140000 0.0226494
150000 0.0234288
160000 0.0255040
170000 0.0272680
180000 0.0286980
190000 0.0301786
200000 0.0319950
210000 0.0335644
220000 0.0356426
230000 0.0368922
240000 0.0380762
250000 0.0395290
260000 0.0410624
270000 0.0434940
280000 0.0457382
290000 0.0471638
300000 0.0491194
310000 0.0513358
320000 0.0530454
330000 0.0548118
340000 0.0567776
350000 0.0592810
360000 0.0672286
370000 0.0639288
380000 0.0638948
390000 0.0646528
400000 0.0671868
410000 0.0678274
420000 0.0694550
430000 0.0716168
440000 0.0728876
450000 0.0745638
460000 0.0765362
470000 0.0782322
480000 0.0796210
490000 0.0815710
500000 0.0909320
510000 0.0874846
520000 0.0865466
530000 0.0881720
540000 0.0898488
550000 0.0919758
560000 0.0951342
570000 0.0961256
580000 0.0982102
590000 0.0996962
600000 0.1023268
610000 0.1092418
620000 0.1115950
630000 0.1090550
640000 0.1110584
650000 0.1125806
660000 0.1145966
670000 0.1165198
680000 0.1189582
690000 0.1198080
700000 0.1221772
710000 0.1308222
720000 0.1252052
730000 0.1271442
740000 0.1282748
750000 0.1300232
760000 0.1315672
770000 0.1329672
780000 0.1351758
790000 0.1475256
800000 0.1391498
810000 0.1404134
820000 0.1418250
830000 0.1447976
840000 0.1464104
850000 0.1476948
860000 0.1583306
870000 0.1556200
880000 0.1536986
890000 0.1543880
900000 0.1558030
910000 0.1578822
920000 0.1597018
930000 0.1718432
940000 0.1654710
950000 0.1652406
960000 0.1672214
970000 0.1732542
980000 0.1700332
990000 0.1815938
1000000 0.1749646
