1 0.0000016
2 0.0000014
3 0.0000010
4 0.0000008
5 0.0000012
6 0.0000010
7 0.0000010
8 0.0000022
9 0.0000024
10 0.0000018
11 0.0000022
12 0.0000020
13 0.0000024
14 0.0000024
15 0.0000026
16 0.0000022
17 0.0000024
18 0.0000022
19 0.0000028
20 0.0000034
21 0.0000032
22 0.0000028
23 0.0000036
24 0.0000026
25 0.0000034
26 0.0000026
27 0.0000020
28 0.0000028
29 0.0000024
30 0.0000030
31 0.0000030
32 0.0000036
33 0.0000028
34 0.0000038
35 0.0000038
36 0.0000028
37 0.0000036
38 0.0000038
39 0.0000034
40 0.0000036
41 0.0000036
42 0.0000042
43 0.0000036
44 0.0000034
45 0.0000036
46 0.0000034
47 0.0000034
48 0.0000038
49 0.0000036
50 0.0000040
51 0.0000034
52 0.0000042
53 0.0000038
54 0.0000038
55 0.0000040
56 0.0000048
57 0.0000042
58 0.0000042
59 0.0000038
60 0.0000042
61 0.0000044
62 0.0000040
63 0.0000042
64 0.0000044
65 0.0000044
66 0.0000040
67 0.0000042
68 0.0000044
69 0.0000044
70 0.0000046
71 0.0000044
72 0.0000044
73 0.0000044
74 0.0000046
75 0.0000048
76 0.0000042
77 0.0000042
78 0.0000042
79 0.0000050
80 0.0000050
81 0.0000046
82 0.0000052
83 0.0000042
84 0.0000054
85 0.0000048
86 0.0000050
87 0.0000054
88 0.0000052
89 0.0000054
90 0.0000054
91 0.0000050
92 0.0000054
93 0.0000052
94 0.0000054
95 0.0000052
96 0.0000054
97 0.0000056
98 0.0000054
99 0.0000054
100 0.0000058
101 0.0000058
102 0.0000054
103 0.0000052
104 0.0000058
105 0.0000058
106 0.0000064
107 0.0000062
108 0.0000058
109 0.0000056
110 0.0000058
111 0.0000062
112 0.0000066
113 0.0000062
114 0.0000062
115 0.0000062
116 0.0000064
117 0.0000064
118 0.0000062
119 0.0000064
120 0.0000066
121 0.0000062
122 0.0000060
123 0.0000064
124 0.0000062
125 0.0000066
126 0.0000068
127 0.0000068
128 0.0000066
129 0.0000066
130 0.0000068
131 0.0000066
132 0.0000070
133 0.0000066
134 0.0000066
135 0.0000068
136 0.0000068
137 0.0000068
138 0.0000068
139 0.0000080
140 0.0000086
141 0.0000082
142 0.0000078
143 0.0000084
144 0.0000072
145 0.0000082
146 0.0000084
147 0.0000078
148 0.0000076
149 0.0000078
150 0.0000076
