0 0.0000016
10000 0.0016532
20000 0.0026392
30000 0.0043066
40000 0.0057674
50000 0.0070832
60000 0.0086502
70000 0.0101210
80000 0.0115346
90000 0.0128272
100000 0.0145774
110000 0.0160938
120000 0.0175338
130000 0.0201190
140000 0.0205346
150000 0.0216736
160000 0.0231596
170000 0.0249760
180000 0.0260034
190000 0.0277168
200000 0.0291688
210000 0.0307968
220000 0.0324676
230000 0.0339998
240000 0.0354214
250000 0.0377454
260000 0.0392492
270000 0.0410542
280000 0.0434462
290000 0.0435942
300000 0.0452820
310000 0.0470290
320000 0.0488056
330000 0.0507616
340000 0.0516094
350000 0.0529146
360000 0.0612582
370000 0.0590508
380000 0.0593272
390000 0.0590654
400000 0.0620754
410000 0.0631266
420000 0.0647020
430000 0.0670826
440000 0.0690274
450000 0.0710854
460000 0.0716692
470000 0.0722680
480000 0.0749516
490000 0.0765766
500000 0.0787832
510000 0.0866092
520000 0.0835920
530000 0.0853348
540000 0.0884246
550000 0.0916608
560000 0.0933702
570000 0.0930360
580000 0.0935740
590000 0.0950656
600000 0.0965182
610000 0.0978586
620000 0.1040208
630000 0.1036274
640000 0.1051984
650000 0.1055572
660000 0.1055420
670000 0.1068056
680000 0.1072994
690000 0.1088166
700000 0.1099808
710000 0.1179516
720000 0.1237376
730000 0.1179680
740000 0.1168992
750000 0.1188288
760000 0.1198210
770000 0.1216438
780000 0.1235218
790000 0.1260670
800000 0.1379418
810000 0.1305124
820000 0.1311178
830000 0.1320846
840000 0.1339944
850000 0.1358464
860000 0.1372464
870000 0.1417018
880000 0.1488410
890000 0.1426634
900000 0.1441374
910000 0.1456174
920000 0.1507034
930000 0.1511684
940000 0.1597150
950000 0.1613690
960000 0.1575150
970000 0.1591454
980000 0.1619212
990000 0.1636036
1000000 0.1681092
