0 0.000001
1000 0.000020
2000 0.000038
3000 0.000058
4000 0.000073
5000 0.000077
6000 0.000120
7000 0.000156
8000 0.000152
9000 0.000157
10000 0.000159
11000 0.000157
12000 0.000161
13000 0.000165
14000 0.000163
15000 0.000166
16000 0.000170
17000 0.000171
18000 0.000177
19000 0.000178
20000 0.000183
21000 0.000181
22000 0.000187
23000 0.000191
24000 0.000196
25000 0.000198
26000 0.000217
27000 0.000214
28000 0.000223
29000 0.000239
30000 0.000237
31000 0.000259
32000 0.000256
33000 0.000270
34000 0.000263
35000 0.000266
36000 0.000287
37000 0.000282
38000 0.000303
39000 0.000299
40000 0.000319
41000 0.000313
42000 0.000330
43000 0.000332
44000 0.000352
45000 0.000362
46000 0.000365
47000 0.000384
48000 0.000397
49000 0.000405
50000 0.000400
51000 0.000397
52000 0.000415
53000 0.000435
54000 0.000442
55000 0.000442
56000 0.000456
57000 0.000463
58000 0.000474
59000 0.000458
60000 0.000460
61000 0.000480
62000 0.000480
63000 0.000491
64000 0.000495
65000 0.000503
66000 0.000509
67000 0.000512
68000 0.000522
69000 0.000533
70000 0.000536
71000 0.000543
72000 0.000546
73000 0.000561
74000 0.000569
75000 0.000579
76000 0.000597
77000 0.000595
78000 0.000627
79000 0.000654
80000 0.000664
81000 0.000666
82000 0.000668
83000 0.000667
84000 0.000680
85000 0.000689
86000 0.000673
87000 0.000664
88000 0.000674
89000 0.000686
90000 0.000693
91000 0.000694
92000 0.000704
93000 0.000714
94000 0.000710
95000 0.000729
96000 0.000747
97000 0.000746
98000 0.000809
99000 0.000799
100000 0.000763
101000 0.000770
102000 0.000777
103000 0.000791
104000 0.000838
105000 0.000866
106000 0.000852
107000 0.000820
108000 0.000840
109000 0.000832
110000 0.000835
111000 0.000856
112000 0.000855
113000 0.000868
114000 0.000886
115000 0.000904
116000 0.000957
117000 0.000955
118000 0.001010
119000 0.000951
120000 0.000914
121000 0.000942
122000 0.000955
123000 0.000938
124000 0.000959
125000 0.000970
126000 0.000967
127000 0.001001
128000 0.001037
129000 0.001007
130000 0.000989
131000 0.001010
132000 0.001052
133000 0.001089
134000 0.001080
135000 0.001042
136000 0.001046
137000 0.001050
138000 0.001075
139000 0.001093
140000 0.001090
141000 0.001099
142000 0.001086
143000 0.001105
144000 0.001105
145000 0.001108
146000 0.001118
147000 0.001129
148000 0.001147
149000 0.001208
150000 0.001254
151000 0.001206
152000 0.001212
153000 0.001207
154000 0.001178
155000 0.001205
156000 0.001186
157000 0.001211
158000 0.001231
159000 0.001219
160000 0.001252
161000 0.001231
162000 0.001306
163000 0.001278
164000 0.001278
165000 0.001264
166000 0.001265
167000 0.001304
168000 0.001362
169000 0.001319
170000 0.001305
171000 0.001298
172000 0.001313
173000 0.001332
174000 0.001354
175000 0.001364
176000 0.001358
177000 0.001347
178000 0.001489
179000 0.001448
180000 0.001442
181000 0.001376
182000 0.001390
183000 0.001404
184000 0.001600
185000 0.001553
186000 0.001486
187000 0.001447
188000 0.001447
189000 0.001471
190000 0.001450
191000 0.001465
192000 0.001470
193000 0.001492
194000 0.001499
195000 0.001503
196000 0.001522
197000 0.001499
198000 0.001532
199000 0.001545
200000 0.001534
201000 0.001548
202000 0.001547
203000 0.001582
204000 0.001554
205000 0.001580
206000 0.001635
207000 0.001625
208000 0.001632
209000 0.001627
210000 0.001618
211000 0.001601
212000 0.001636
213000 0.001643
214000 0.001649
215000 0.001668
216000 0.001657
217000 0.001688
218000 0.001682
219000 0.001692
220000 0.001707
221000 0.001680
222000 0.001722
223000 0.001710
224000 0.001730
225000 0.001732
226000 0.001735
227000 0.001737
228000 0.001759
229000 0.001765
230000 0.001764
231000 0.001762
232000 0.001801
233000 0.001796
234000 0.001793
235000 0.001796
236000 0.001820
237000 0.001810
238000 0.001842
239000 0.001858
240000 0.001865
241000 0.001872
242000 0.001857
243000 0.001883
244000 0.001893
245000 0.001902
246000 0.001876
247000 0.001918
248000 0.001999
249000 0.001979
250000 0.001940
251000 0.001929
252000 0.001940
253000 0.002046
254000 0.002021
255000 0.001982
256000 0.001969
257000 0.001992
258000 0.001978
259000 0.002006
260000 0.002005
261000 0.002026
262000 0.002008
263000 0.002061
264000 0.002052
265000 0.002043
266000 0.002067
267000 0.002065
268000 0.002220
269000 0.002509
270000 0.002575
271000 0.002443
272000 0.002401
273000 0.002397
274000 0.002391
275000 0.002370
276000 0.002370
277000 0.002372
278000 0.002371
279000 0.002345
280000 0.002307
281000 0.002256
282000 0.002274
283000 0.002270
284000 0.002365
285000 0.002364
286000 0.002396
287000 0.002396
288000 0.002350
289000 0.002331
290000 0.002341
291000 0.002329
292000 0.002342
293000 0.002288
294000 0.002372
295000 0.002328
296000 0.002314
297000 0.002324
298000 0.002319
299000 0.002322
300000 0.002342
301000 0.002382
302000 0.002375
303000 0.002355
304000 0.002382
305000 0.002388
306000 0.002392
307000 0.002387
308000 0.002403
309000 0.002408
310000 0.002400
311000 0.002429
312000 0.002439
313000 0.002442
314000 0.002454
315000 0.002465
316000 0.002472
317000 0.002455
318000 0.002485
319000 0.002491
320000 0.002499
321000 0.002505
322000 0.002539
323000 0.002528
324000 0.002514
325000 0.002537
326000 0.002546
327000 0.002551
328000 0.002562
329000 0.002566
330000 0.002562
331000 0.002585
332000 0.002577
333000 0.002602
334000 0.002608
335000 0.002615
336000 0.002623
337000 0.002606
338000 0.002641
339000 0.002635
340000 0.002656
341000 0.002673
342000 0.002662
343000 0.002674
344000 0.002688
345000 0.002680
346000 0.002683
347000 0.002713
348000 0.002707
349000 0.002726
350000 0.002721
351000 0.002727
352000 0.002756
353000 0.002764
354000 0.002764
355000 0.002775
356000 0.002776
357000 0.002804
358000 0.002794
359000 0.002804
360000 0.002795
361000 0.002801
362000 0.002825
363000 0.002825
364000 0.002839
365000 0.002851
366000 0.002847
367000 0.002869
368000 0.002865
369000 0.002864
370000 0.002873
371000 0.002883
372000 0.002882
373000 0.002907
374000 0.002925
375000 0.002918
376000 0.002945
377000 0.003123
378000 0.002987
379000 0.002945
380000 0.002959
381000 0.002980
382000 0.002982
383000 0.002998
384000 0.003007
385000 0.003037
386000 0.003033
387000 0.003036
388000 0.003015
389000 0.003058
390000 0.003049
391000 0.003057
392000 0.003056
393000 0.003059
394000 0.003058
395000 0.003077
396000 0.003063
397000 0.003098
398000 0.003104
399000 0.003108
400000 0.003111
401000 0.003126
402000 0.003133
403000 0.003148
404000 0.003153
405000 0.003155
406000 0.003139
407000 0.003169
408000 0.003182
409000 0.003608
410000 0.003892
411000 0.003687
412000 0.003612
413000 0.003581
414000 0.003540
415000 0.003556
416000 0.003353
417000 0.003365
418000 0.003368
419000 0.003350
420000 0.003449
421000 0.003408
422000 0.003433
423000 0.003421
424000 0.003412
425000 0.003332
426000 0.003325
427000 0.003329
428000 0.003329
429000 0.003348
430000 0.003364
431000 0.003382
432000 0.003385
433000 0.003375
434000 0.003374
435000 0.003383
436000 0.003397
437000 0.003404
438000 0.003422
439000 0.003425
440000 0.003439
441000 0.003438
442000 0.003459
443000 0.003451
444000 0.003468
445000 0.003482
446000 0.003480
447000 0.003477
448000 0.003491
449000 0.003522
450000 0.003503
451000 0.003520
452000 0.003527
453000 0.003522
454000 0.003552
455000 0.003581
456000 0.003551
457000 0.003558
458000 0.003571
459000 0.003575
460000 0.003590
461000 0.003616
462000 0.003610
463000 0.003611
464000 0.003631
465000 0.003629
466000 0.003650
467000 0.003694
468000 0.003708
469000 0.003692
470000 0.003670
471000 0.003697
472000 0.003679
473000 0.003689
474000 0.003713
475000 0.003701
476000 0.003703
477000 0.003718
478000 0.003724
479000 0.003731
480000 0.003744
481000 0.003751
482000 0.003768
483000 0.003770
484000 0.003783
485000 0.003783
486000 0.003788
487000 0.003799
488000 0.003834
489000 0.003823
490000 0.003828
491000 0.003816
492000 0.003844
493000 0.003925
494000 0.003852
495000 0.003858
496000 0.003879
497000 0.003882
498000 0.003887
499000 0.003892
500000 0.003916
501000 0.003908
502000 0.003922
503000 0.003913
504000 0.003935
505000 0.003938
506000 0.003945
507000 0.003968
508000 0.003969
509000 0.003984
510000 0.003976
511000 0.003969
512000 0.004018
513000 0.004700
514000 0.004721
515000 0.004487
516000 0.004480
517000 0.004457
518000 0.004307
519000 0.004185
520000 0.004165
521000 0.004171
522000 0.004268
523000 0.004256
524000 0.004223
525000 0.004178
526000 0.004118
527000 0.004132
528000 0.004120
529000 0.004136
530000 0.004141
531000 0.004146
532000 0.004162
533000 0.004151
534000 0.004159
535000 0.004182
536000 0.004183
537000 0.004195
538000 0.004203
539000 0.004205
540000 0.004216
541000 0.004248
542000 0.004221
543000 0.004240
544000 0.004246
545000 0.004247
546000 0.004267
547000 0.004271
548000 0.004275
549000 0.004287
550000 0.004294
551000 0.004299
552000 0.004315
553000 0.004339
554000 0.004350
555000 0.004451
556000 0.004441
557000 0.004469
558000 0.004450
559000 0.004461
560000 0.004474
561000 0.004519
562000 0.004473
563000 0.004511
564000 0.004464
565000 0.004436
566000 0.004423
567000 0.004433
568000 0.004475
569000 0.004545
570000 0.004531
571000 0.004522
572000 0.004493
573000 0.004478
574000 0.004492
575000 0.004495
576000 0.004513
577000 0.004522
578000 0.004546
579000 0.004544
580000 0.004545
581000 0.004562
582000 0.004558
583000 0.004589
584000 0.004577
585000 0.004579
586000 0.004592
587000 0.004603
588000 0.004621
589000 0.004636
590000 0.004604
591000 0.004632
592000 0.004654
593000 0.004642
594000 0.004662
595000 0.004662
596000 0.004679
597000 0.004664
598000 0.004738
599000 0.005593
600000 0.005288
601000 0.005208
602000 0.005141
603000 0.004968
604000 0.004831
605000 0.004851
606000 0.004921
607000 0.004934
608000 0.004899
609000 0.004825
610000 0.004778
611000 0.004783
612000 0.004795
613000 0.004802
614000 0.004798
615000 0.004820
616000 0.004825
617000 0.004832
618000 0.004838
619000 0.004855
620000 0.004876
621000 0.004867
622000 0.004894
623000 0.004876
624000 0.004875
625000 0.004885
626000 0.004895
627000 0.004902
628000 0.004904
629000 0.004915
630000 0.004927
631000 0.004946
632000 0.004959
633000 0.004953
634000 0.004966
635000 0.005013
636000 0.004971
637000 0.005080
638000 0.005105
639000 0.005109
640000 0.005063
641000 0.005115
642000 0.005140
643000 0.005080
644000 0.005216
645000 0.005172
646000 0.005154
647000 0.005093
648000 0.005109
649000 0.005079
650000 0.005091
651000 0.005130
652000 0.005160
653000 0.005121
654000 0.005135
655000 0.005140
656000 0.005162
657000 0.005162
658000 0.005148
659000 0.005198
660000 0.005227
661000 0.005193
662000 0.005185
663000 0.005185
664000 0.005197
665000 0.005195
666000 0.005202
667000 0.005223
668000 0.005233
669000 0.005239
670000 0.005251
671000 0.005246
672000 0.005271
673000 0.005460
674000 0.006347
675000 0.005942
676000 0.005838
677000 0.005706
678000 0.005424
679000 0.005427
680000 0.005540
681000 0.005528
682000 0.005495
683000 0.005376
684000 0.005351
685000 0.005351
686000 0.005368
687000 0.005376
688000 0.005377
689000 0.005392
690000 0.005428
691000 0.005409
692000 0.005413
693000 0.005460
694000 0.005481
695000 0.005441
696000 0.005443
697000 0.005479
698000 0.005490
699000 0.005492
700000 0.005486
701000 0.005480
702000 0.005507
703000 0.005536
704000 0.005669
705000 0.005614
706000 0.005563
707000 0.005560
708000 0.005567
709000 0.005541
710000 0.005554
711000 0.005607
712000 0.005603
713000 0.005583
714000 0.005582
715000 0.005589
716000 0.005598
717000 0.005615
718000 0.005610
719000 0.005635
720000 0.005646
721000 0.005655
722000 0.005635
723000 0.005645
724000 0.005664
725000 0.005694
726000 0.005670
727000 0.005713
728000 0.005693
729000 0.005693
730000 0.005724
731000 0.005711
732000 0.005755
733000 0.005725
734000 0.005743
735000 0.005742
736000 0.005759
737000 0.005761
738000 0.005758
739000 0.005796
740000 0.005818
741000 0.006888
742000 0.006640
743000 0.006433
744000 0.006360
745000 0.005980
746000 0.005987
747000 0.006059
748000 0.006077
749000 0.006026
750000 0.005860
751000 0.005866
752000 0.005881
753000 0.005876
754000 0.005889
755000 0.005952
756000 0.005920
757000 0.005901
758000 0.005964
759000 0.005942
760000 0.005971
761000 0.005935
762000 0.005987
763000 0.006014
764000 0.005967
765000 0.005985
766000 0.006024
767000 0.005988
768000 0.006003
769000 0.005990
770000 0.006050
771000 0.006036
772000 0.006037
773000 0.006031
774000 0.006111
775000 0.006074
776000 0.006080
777000 0.006071
778000 0.006077
779000 0.006083
780000 0.006089
781000 0.006104
782000 0.006096
783000 0.006131
784000 0.006107
785000 0.006141
786000 0.006152
787000 0.006190
788000 0.006196
789000 0.006185
790000 0.006241
791000 0.006223
792000 0.006198
793000 0.006219
794000 0.006190
795000 0.006208
796000 0.006233
797000 0.006226
798000 0.006259
799000 0.006262
800000 0.006223
801000 0.006280
802000 0.006300
803000 0.007405
804000 0.007134
805000 0.006986
806000 0.006736
807000 0.006500
808000 0.006514
809000 0.006592
810000 0.006517
811000 0.006356
812000 0.006338
813000 0.006349
814000 0.006403
815000 0.006415
816000 0.006372
817000 0.006376
818000 0.006424
819000 0.006444
820000 0.006431
821000 0.006459
822000 0.006402
823000 0.006420
824000 0.006479
825000 0.006449
826000 0.006481
827000 0.006514
828000 0.006482
829000 0.006538
830000 0.006521
831000 0.006516
832000 0.006501
833000 0.006517
834000 0.006554
835000 0.006818
836000 0.006554
837000 0.006527
838000 0.006551
839000 0.006551
840000 0.006545
841000 0.006560
842000 0.006627
843000 0.006578
844000 0.006581
845000 0.006608
846000 0.006601
847000 0.006634
848000 0.006620
849000 0.006637
850000 0.006637
851000 0.006637
852000 0.006658
853000 0.006693
854000 0.006665
855000 0.006708
856000 0.006685
857000 0.006730
858000 0.006698
859000 0.006693
860000 0.007418
861000 0.007805
862000 0.007507
863000 0.007279
864000 0.006910
865000 0.007046
866000 0.007028
867000 0.006972
868000 0.006764
869000 0.006832
870000 0.006863
871000 0.006837
872000 0.006871
873000 0.006866
874000 0.006855
875000 0.006829
876000 0.006855
877000 0.006840
878000 0.006859
879000 0.006856
880000 0.006862
881000 0.006930
882000 0.007000
883000 0.006972
884000 0.006953
885000 0.006921
886000 0.006960
887000 0.006928
888000 0.006987
889000 0.006947
890000 0.006958
891000 0.006953
892000 0.006969
893000 0.006964
894000 0.006991
895000 0.006990
896000 0.006989
897000 0.007007
898000 0.007012
899000 0.007010
900000 0.007071
901000 0.007051
902000 0.007025
903000 0.007037
904000 0.007116
905000 0.007075
906000 0.007092
907000 0.007094
908000 0.007101
909000 0.007099
910000 0.007142
911000 0.007142
912000 0.007114
913000 0.007189
914000 0.008209
915000 0.008048
916000 0.007859
917000 0.007461
918000 0.007359
919000 0.007484
920000 0.007434
921000 0.007285
922000 0.007266
923000 0.007225
924000 0.007221
925000 0.007227
926000 0.007286
927000 0.007287
928000 0.007277
929000 0.007313
930000 0.007311
931000 0.007314
932000 0.007306
933000 0.007291
934000 0.007338
935000 0.007336
936000 0.007326
937000 0.007358
938000 0.007385
939000 0.007341
940000 0.007747
941000 0.007897
942000 0.007872
943000 0.007771
944000 0.007572
945000 0.007416
946000 0.007661
947000 0.007629
948000 0.007484
949000 0.007456
950000 0.007468
951000 0.007472
952000 0.007456
953000 0.007471
954000 0.007450
955000 0.007503
956000 0.007481
957000 0.007726
958000 0.007570
959000 0.007487
960000 0.007533
961000 0.007495
962000 0.007517
963000 0.007557
964000 0.008056
965000 0.008707
966000 0.008365
967000 0.007992
968000 0.007732
969000 0.007905
970000 0.007838
971000 0.007633
972000 0.007640
973000 0.007631
974000 0.007601
975000 0.007645
976000 0.007670
977000 0.007644
978000 0.007731
979000 0.007700
980000 0.007698
981000 0.007698
982000 0.007670
983000 0.007718
984000 0.007726
985000 0.007690
986000 0.007688
987000 0.007702
988000 0.007743
989000 0.007782
990000 0.007730
991000 0.007770
992000 0.007999
993000 0.007792
994000 0.007781
995000 0.007821
996000 0.007835
997000 0.007846
998000 0.007811
999000 0.007844
1000000 0.007872
