0 0.000002
1000 0.000126
2000 0.000240
3000 0.000361
4000 0.000456
5000 0.000484
6000 0.000550
7000 0.000604
8000 0.000601
9000 0.000592
10000 0.000632
11000 0.000620
12000 0.000654
13000 0.000631
14000 0.000668
15000 0.000672
16000 0.000674
17000 0.000683
18000 0.000712
19000 0.000714
20000 0.000725
21000 0.000733
22000 0.000756
23000 0.000764
24000 0.000817
25000 0.000803
26000 0.000838
27000 0.000886
28000 0.000895
29000 0.000969
30000 0.001069
31000 0.001003
32000 0.001043
33000 0.001061
34000 0.001096
35000 0.001162
36000 0.001146
37000 0.001238
38000 0.001227
39000 0.001326
40000 0.001308
41000 0.001355
42000 0.001356
43000 0.001405
44000 0.001449
45000 0.001447
46000 0.001516
47000 0.001555
48000 0.001533
49000 0.001624
50000 0.001606
51000 0.001635
52000 0.001751
53000 0.001741
54000 0.001741
55000 0.001807
56000 0.001833
57000 0.001866
58000 0.001912
59000 0.001903
60000 0.001991
61000 0.001998
62000 0.002063
63000 0.002031
64000 0.002085
65000 0.002080
66000 0.002193
67000 0.002158
68000 0.002211
69000 0.002223
70000 0.002251
71000 0.002353
72000 0.002331
73000 0.002423
74000 0.002399
75000 0.002471
76000 0.002814
77000 0.002555
78000 0.002658
79000 0.002603
80000 0.002584
81000 0.002600
82000 0.002641
83000 0.002728
84000 0.002716
85000 0.002803
86000 0.002808
87000 0.002796
88000 0.002900
89000 0.002972
90000 0.002916
91000 0.003269
92000 0.003160
93000 0.003369
94000 0.003110
95000 0.003051
96000 0.003132
97000 0.003347
98000 0.003231
99000 0.003938
100000 0.004320
101000 0.004263
102000 0.004038
103000 0.004080
104000 0.003954
105000 0.003953
106000 0.003905
107000 0.003998
108000 0.003840
109000 0.003906
110000 0.003922
111000 0.004058
112000 0.004098
113000 0.004187
114000 0.004069
115000 0.004235
116000 0.004226
117000 0.004238
118000 0.004208
119000 0.004453
120000 0.004258
121000 0.004481
122000 0.004197
123000 0.004416
124000 0.004107
125000 0.004206
126000 0.004156
127000 0.004255
128000 0.004350
129000 0.004260
130000 0.004323
131000 0.004469
132000 0.004436
133000 0.004489
134000 0.004392
135000 0.005064
136000 0.004697
137000 0.004651
138000 0.004685
139000 0.004760
140000 0.004703
141000 0.004766
142000 0.004832
143000 0.004850
144000 0.004812
145000 0.005115
146000 0.005115
147000 0.004842
148000 0.004777
149000 0.004821
150000 0.004862
151000 0.004902
152000 0.004930
153000 0.004961
154000 0.004995
155000 0.005024
156000 0.005010
157000 0.005027
158000 0.005162
159000 0.005200
160000 0.005252
161000 0.005264
162000 0.005333
163000 0.005644
164000 0.005281
165000 0.005431
166000 0.005343
167000 0.005740
168000 0.005631
169000 0.005625
170000 0.005502
171000 0.005603
172000 0.005531
173000 0.005584
174000 0.005569
175000 0.005760
176000 0.006086
177000 0.005755
178000 0.005822
179000 0.005737
180000 0.005790
181000 0.005931
182000 0.005910
183000 0.006189
184000 0.006117
185000 0.006006
186000 0.005962
187000 0.006050
188000 0.006020
189000 0.006177
190000 0.006379
191000 0.006228
192000 0.006316
193000 0.006565
194000 0.007198
195000 0.006283
196000 0.006890
197000 0.006620
198000 0.006577
199000 0.006545
200000 0.007406
201000 0.006512
202000 0.006664
203000 0.006577
204000 0.006577
205000 0.006894
206000 0.007266
207000 0.007289
208000 0.007317
209000 0.006732
210000 0.007236
211000 0.006970
212000 0.007023
213000 0.006842
214000 0.007106
215000 0.006951
216000 0.006936
217000 0.007009
218000 0.007253
219000 0.007327
220000 0.007168
221000 0.007495
222000 0.007162
223000 0.008439
224000 0.007327
225000 0.007577
226000 0.007588
227000 0.007780
228000 0.007340
229000 0.007509
230000 0.007449
231000 0.007911
232000 0.007489
233000 0.007883
234000 0.007561
235000 0.007805
236000 0.008024
237000 0.008203
238000 0.007991
239000 0.007963
240000 0.008143
241000 0.007949
242000 0.007924
243000 0.007952
244000 0.008388
245000 0.007905
246000 0.008336
247000 0.008274
248000 0.007994
249000 0.008360
250000 0.008700
251000 0.008528
252000 0.008604
253000 0.008187
254000 0.008568
255000 0.008743
256000 0.008962
257000 0.008653
258000 0.008383
259000 0.008825
260000 0.008456
261000 0.008726
262000 0.009165
263000 0.009040
264000 0.008604
265000 0.009000
266000 0.008908
267000 0.009033
268000 0.008677
269000 0.008993
270000 0.008755
271000 0.009326
272000 0.008916
273000 0.009274
274000 0.009216
275000 0.009260
276000 0.009233
277000 0.008983
278000 0.009600
279000 0.009066
280000 0.009081
281000 0.009430
282000 0.009739
283000 0.009506
284000 0.009334
285000 0.009898
286000 0.009453
287000 0.009801
288000 0.009354
289000 0.010879
290000 0.009425
291000 0.009804
292000 0.009568
293000 0.009798
294000 0.009523
295000 0.009591
296000 0.010902
297000 0.009579
298000 0.010164
299000 0.009892
300000 0.010011
301000 0.009744
302000 0.010231
303000 0.010358
304000 0.010268
305000 0.010396
306000 0.010094
307000 0.010285
308000 0.010679
309000 0.012442
310000 0.011260
311000 0.010706
312000 0.010884
313000 0.013064
314000 0.012526
315000 0.012106
316000 0.012322
317000 0.011480
318000 0.011738
319000 0.011833
320000 0.011512
321000 0.010953
322000 0.011789
323000 0.011479
324000 0.011134
325000 0.011322
326000 0.012016
327000 0.011082
328000 0.011506
329000 0.011362
330000 0.011592
331000 0.010996
332000 0.010855
333000 0.010940
334000 0.010788
335000 0.011588
336000 0.011173
337000 0.011987
338000 0.011713
339000 0.011219
340000 0.011067
341000 0.011638
342000 0.011466
343000 0.011433
344000 0.011550
345000 0.011489
346000 0.011221
347000 0.011623
348000 0.011595
349000 0.011688
350000 0.012557
351000 0.011606
352000 0.011956
353000 0.011926
354000 0.011462
355000 0.012134
356000 0.011796
357000 0.012112
358000 0.011573
359000 0.012115
360000 0.012073
361000 0.012320
362000 0.012243
363000 0.012485
364000 0.011993
365000 0.011915
366000 0.011900
367000 0.012473
368000 0.011999
369000 0.012345
370000 0.013049
371000 0.012258
372000 0.013399
373000 0.012067
374000 0.012876
375000 0.012339
376000 0.013048
377000 0.012441
378000 0.012870
379000 0.012538
380000 0.012829
381000 0.012573
382000 0.012797
383000 0.013298
384000 0.012388
385000 0.012896
386000 0.012931
387000 0.012592
388000 0.012850
389000 0.014281
390000 0.012663
391000 0.012894
392000 0.012804
393000 0.013945
394000 0.013057
395000 0.013265
396000 0.013395
397000 0.012929
398000 0.013513
399000 0.013798
400000 0.013324
401000 0.013082
402000 0.013876
403000 0.013470
404000 0.013363
405000 0.013405
406000 0.013356
407000 0.013246
408000 0.013617
409000 0.014381
410000 0.013960
411000 0.014426
412000 0.013434
413000 0.014043
414000 0.013582
415000 0.013499
416000 0.014082
417000 0.013499
418000 0.014366
419000 0.013626
420000 0.013808
421000 0.013696
422000 0.014608
423000 0.014557
424000 0.014100
425000 0.013794
426000 0.014409
427000 0.014141
428000 0.014849
429000 0.014784
430000 0.014524
431000 0.019365
432000 0.016317
433000 0.016015
434000 0.016262
435000 0.016019
436000 0.015331
437000 0.015130
438000 0.014997
439000 0.015423
440000 0.015986
441000 0.014949
442000 0.015190
443000 0.015223
444000 0.014866
445000 0.014864
446000 0.014635
447000 0.014475
448000 0.015117
449000 0.014873
450000 0.015038
451000 0.014663
452000 0.014900
453000 0.014633
454000 0.015111
455000 0.014918
456000 0.015336
457000 0.015405
458000 0.015355
459000 0.014938
460000 0.015860
461000 0.014937
462000 0.016056
463000 0.015067
464000 0.015218
465000 0.015932
466000 0.015271
467000 0.015152
468000 0.015404
469000 0.015159
470000 0.015167
471000 0.016334
472000 0.015325
473000 0.015396
474000 0.016463
475000 0.015380
476000 0.015505
477000 0.015384
478000 0.016295
479000 0.015600
480000 0.016130
481000 0.015604
482000 0.016026
483000 0.016085
484000 0.015772
485000 0.015684
486000 0.016114
487000 0.016377
488000 0.016572
489000 0.016485
490000 0.016349
491000 0.016028
492000 0.016779
493000 0.016099
494000 0.016050
495000 0.016511
496000 0.017100
497000 0.016252
498000 0.016643
499000 0.016501
500000 0.016647
501000 0.016866
502000 0.016873
503000 0.016894
504000 0.016737
505000 0.016987
506000 0.016856
507000 0.016575
508000 0.016964
509000 0.016585
510000 0.017722
511000 0.016596
512000 0.017114
513000 0.017738
514000 0.016718
515000 0.018194
516000 0.019744
517000 0.017642
518000 0.017890
519000 0.017374
520000 0.017317
521000 0.017497
522000 0.017499
523000 0.021760
524000 0.020216
525000 0.020254
526000 0.019450
527000 0.019287
528000 0.018235
529000 0.018455
530000 0.017830
531000 0.019524
532000 0.018177
533000 0.018513
534000 0.019232
535000 0.017385
536000 0.017873
537000 0.018762
538000 0.017590
539000 0.017735
540000 0.018193
541000 0.017972
542000 0.018541
543000 0.018553
544000 0.017516
545000 0.017731
546000 0.018278
547000 0.019416
548000 0.018223
549000 0.017806
550000 0.019332
551000 0.018344
552000 0.019132
553000 0.017881
554000 0.018798
555000 0.018321
556000 0.019557
557000 0.018450
558000 0.018659
559000 0.018969
560000 0.018136
561000 0.019738
562000 0.018825
563000 0.018485
564000 0.018858
565000 0.018312
566000 0.018728
567000 0.019710
568000 0.018895
569000 0.019022
570000 0.018312
571000 0.018617
572000 0.018963
573000 0.019692
574000 0.019506
575000 0.018813
576000 0.019963
577000 0.018840
578000 0.019310
579000 0.019358
580000 0.019308
581000 0.019557
582000 0.019051
583000 0.018985
584000 0.019220
585000 0.019325
586000 0.018990
587000 0.020554
588000 0.019004
589000 0.020048
590000 0.019755
591000 0.019237
592000 0.019470
593000 0.020418
594000 0.019615
595000 0.020270
596000 0.019716
597000 0.020648
598000 0.020120
599000 0.019897
600000 0.020271
601000 0.025541
602000 0.023229
603000 0.022782
604000 0.022225
605000 0.021517
606000 0.020802
607000 0.021021
608000 0.021683
609000 0.020539
610000 0.021352
611000 0.019989
612000 0.020995
613000 0.020597
614000 0.020404
615000 0.020664
616000 0.020944
617000 0.020236
618000 0.020925
619000 0.020012
620000 0.020024
621000 0.020335
622000 0.021642
623000 0.021441
624000 0.020497
625000 0.021502
626000 0.021270
627000 0.020702
628000 0.020445
629000 0.021393
630000 0.022136
631000 0.022195
632000 0.020653
633000 0.020396
634000 0.020763
635000 0.021418
636000 0.020608
637000 0.020545
638000 0.021964
639000 0.021308
640000 0.020796
641000 0.020822
642000 0.021966
643000 0.022552
644000 0.021284
645000 0.021691
646000 0.021444
647000 0.020977
648000 0.021891
649000 0.022027
650000 0.021262
651000 0.022202
652000 0.021940
653000 0.021465
654000 0.023089
655000 0.021957
656000 0.021696
657000 0.021499
658000 0.021401
659000 0.022297
660000 0.021870
661000 0.022200
662000 0.021273
663000 0.022452
664000 0.022246
665000 0.022238
666000 0.022298
667000 0.021829
668000 0.022726
669000 0.022735
670000 0.029111
671000 0.025327
672000 0.027505
673000 0.024240
674000 0.022427
675000 0.023439
676000 0.024180
677000 0.023338
678000 0.022648
679000 0.022659
680000 0.021990
681000 0.022041
682000 0.022333
683000 0.022645
684000 0.022310
685000 0.023738
686000 0.023625
687000 0.022829
688000 0.023203
689000 0.022891
690000 0.022477
691000 0.022712
692000 0.023068
693000 0.023034
694000 0.022565
695000 0.024015
696000 0.023046
697000 0.023403
698000 0.023238
699000 0.023890
700000 0.022530
701000 0.023697
702000 0.023508
703000 0.023692
704000 0.023002
705000 0.023274
706000 0.023125
707000 0.023241
708000 0.024226
709000 0.023829
710000 0.023309
711000 0.023925
712000 0.023586
713000 0.023776
714000 0.024216
715000 0.023401
716000 0.023602
717000 0.023629
718000 0.024834
719000 0.024661
720000 0.023447
721000 0.023477
722000 0.023469
723000 0.024368
724000 0.024543
725000 0.023788
726000 0.026787
727000 0.024824
728000 0.024026
729000 0.025332
730000 0.024386
731000 0.025054
732000 0.029979
733000 0.028497
734000 0.028803
735000 0.026905
736000 0.025396
737000 0.024870
738000 0.025961
739000 0.025755
740000 0.025914
741000 0.024153
742000 0.025092
743000 0.025108
744000 0.024650
745000 0.024822
746000 0.024432
747000 0.026308
748000 0.025387
749000 0.024862
750000 0.025557
751000 0.025691
752000 0.026418
753000 0.024686
754000 0.024799
755000 0.025322
756000 0.025376
757000 0.025662
758000 0.025838
759000 0.026055
760000 0.024618
761000 0.025062
762000 0.025447
763000 0.025884
764000 0.026121
765000 0.025458
766000 0.026251
767000 0.025002
768000 0.026241
769000 0.025813
770000 0.026884
771000 0.025367
772000 0.026079
773000 0.026116
774000 0.025230
775000 0.025352
776000 0.026133
777000 0.026788
778000 0.029141
779000 0.029612
780000 0.030607
781000 0.026782
782000 0.026589
783000 0.028473
784000 0.027289
785000 0.026398
786000 0.026388
787000 0.026962
788000 0.026398
789000 0.032400
790000 0.032420
791000 0.030379
792000 0.028095
793000 0.027206
794000 0.027874
795000 0.027378
796000 0.027068
797000 0.026317
798000 0.027686
799000 0.027045
800000 0.028508
801000 0.026630
802000 0.026962
803000 0.027430
804000 0.026196
805000 0.026926
806000 0.026442
807000 0.026403
808000 0.026475
809000 0.027584
810000 0.027183
811000 0.027589
812000 0.028232
813000 0.027901
814000 0.028580
815000 0.027159
816000 0.027404
817000 0.028338
818000 0.026980
819000 0.027420
820000 0.026879
821000 0.028312
822000 0.027617
823000 0.027197
824000 0.027035
825000 0.027180
826000 0.027121
827000 0.027969
828000 0.028071
829000 0.028065
830000 0.027539
831000 0.029146
832000 0.029076
833000 0.028560
834000 0.027355
835000 0.027571
836000 0.027368
837000 0.027495
838000 0.027541
839000 0.027886
840000 0.029038
841000 0.027741
842000 0.033844
843000 0.036389
844000 0.032476
845000 0.030041
846000 0.028635
847000 0.030094
848000 0.029206
849000 0.028648
850000 0.027889
851000 0.028660
852000 0.027783
853000 0.028185
854000 0.027751
855000 0.030351
856000 0.029239
857000 0.028958
858000 0.028345
859000 0.029742
860000 0.029025
861000 0.032487
862000 0.028606
863000 0.029359
864000 0.029109
865000 0.028161
866000 0.029031
867000 0.028847
868000 0.028813
869000 0.028851
870000 0.028761
871000 0.030688
872000 0.029465
873000 0.036309
874000 0.029700
875000 0.030419
876000 0.028854
877000 0.028798
878000 0.028800
879000 0.029002
880000 0.028747
881000 0.031310
882000 0.028675
883000 0.029011
884000 0.029664
885000 0.033887
886000 0.029196
887000 0.030857
888000 0.029525
889000 0.029272
890000 0.029393
891000 0.029387
892000 0.031538
893000 0.041349
894000 0.034326
895000 0.033515
896000 0.031848
897000 0.031621
898000 0.032136
899000 0.031339
900000 0.031813
901000 0.032823
902000 0.031289
903000 0.031325
904000 0.034071
905000 0.031734
906000 0.029834
907000 0.031071
908000 0.030578
909000 0.032004
910000 0.031134
911000 0.030344
912000 0.031253
913000 0.030548
914000 0.032170
915000 0.031474
916000 0.030399
917000 0.031117
918000 0.030349
919000 0.033242
920000 0.032203
921000 0.030276
922000 0.030588
923000 0.032801
924000 0.032557
925000 0.031994
926000 0.030447
927000 0.030534
928000 0.030493
929000 0.030793
930000 0.036140
931000 0.038251
932000 0.032550
933000 0.031858
934000 0.032189
935000 0.036637
936000 0.031194
937000 0.031629
938000 0.031966
939000 0.032272
940000 0.031289
941000 0.035036
942000 0.035167
943000 0.033894
944000 0.036882
945000 0.036441
946000 0.041440
947000 0.035209
948000 0.034249
949000 0.032858
950000 0.033351
951000 0.033618
952000 0.033630
953000 0.034446
954000 0.036336
955000 0.033343
956000 0.035335
957000 0.034677
958000 0.033299
959000 0.032989
960000 0.032282
961000 0.033448
962000 0.033508
963000 0.032745
964000 0.032509
965000 0.032317
966000 0.032071
967000 0.034110
968000 0.034221
969000 0.031864
970000 0.033007
971000 0.032764
972000 0.032012
973000 0.033135
974000 0.032892
975000 0.031867
976000 0.033100
977000 0.038365
978000 0.031888
979000 0.032297
980000 0.032606
981000 0.032652
982000 0.032961
983000 0.034486
984000 0.033950
985000 0.033674
986000 0.033513
987000 0.033855
988000 0.039189
989000 0.036162
990000 0.034522
991000 0.041515
992000 0.038202
993000 0.036090
994000 0.036174
995000 0.035985
996000 0.035482
997000 0.035672
998000 0.034502
999000 0.034258
1000000 0.039134
