0 0.0000006
10000 0.0009768
20000 0.0018866
30000 0.0027638
40000 0.0036062
50000 0.0044006
60000 0.0052458
70000 0.0060854
80000 0.0069036
90000 0.0076566
100000 0.0086134
110000 0.0094094
120000 0.0101364
130000 0.0110950
140000 0.0117872
150000 0.0125668
160000 0.0136710
170000 0.0147552
180000 0.0151314
190000 0.0159174
200000 0.0172860
210000 0.0177892
220000 0.0182874
230000 0.0191278
240000 0.0197580
250000 0.0207012
260000 0.0214854
270000 0.0222686
280000 0.0232074
290000 0.0239810
300000 0.0280262
310000 0.0282008
320000 0.0279426
330000 0.0285068
340000 0.0291158
350000 0.0295610
360000 0.0309672
370000 0.0313396
380000 0.0320506
390000 0.0320528
400000 0.0329504
410000 0.0335934
420000 0.0346418
430000 0.0356030
440000 0.0359284
450000 0.0371960
460000 0.0377462
470000 0.0386724
480000 0.0393908
490000 0.0403496
500000 0.0412346
510000 0.0418404
520000 0.0424492
530000 0.0434324
540000 0.0445552
550000 0.0451016
560000 0.0463470
570000 0.0532000
580000 0.0502150
590000 0.0499750
600000 0.0497392
610000 0.0502190
620000 0.0506950
630000 0.0516104
640000 0.0524442
650000 0.0528464
660000 0.0536608
670000 0.0557764
680000 0.0559554
690000 0.0569248
700000 0.0576976
710000 0.0587690
720000 0.0595880
730000 0.0600720
740000 0.0634316
750000 0.0667000
760000 0.0650804
770000 0.0651648
780000 0.0665638
790000 0.0644722
800000 0.0664860
810000 0.0712906
820000 0.0688832
830000 0.0722226
840000 0.0721258
850000 0.0724410
860000 0.0752060
870000 0.0764428
880000 0.0758558
890000 0.0773918
900000 0.0768684
910000 0.0761220
920000 0.0762602
930000 0.0770782
940000 0.0769780
950000 0.0787234
960000 0.0790622
970000 0.0788102
980000 0.0800602
990000 0.0817078
1000000 0.0814312
