0 0.0000008
10000 0.0007476
20000 0.0015462
30000 0.0022836
40000 0.0030922
50000 0.0038902
60000 0.0047220
70000 0.0055542
80000 0.0063188
90000 0.0070692
100000 0.0078756
110000 0.0087448
120000 0.0097306
130000 0.0103990
140000 0.0110454
150000 0.0120168
160000 0.0128020
170000 0.0135768
180000 0.0144764
190000 0.0149184
200000 0.0156168
210000 0.0165774
220000 0.0171788
230000 0.0179174
240000 0.0185822
250000 0.0193054
260000 0.0203438
270000 0.0208756
280000 0.0248592
290000 0.0248992
300000 0.0248858
310000 0.0249498
320000 0.0260960
330000 0.0261676
340000 0.0263242
350000 0.0273278
360000 0.0278498
370000 0.0287552
380000 0.0298698
390000 0.0303412
400000 0.0312554
410000 0.0320400
420000 0.0326856
430000 0.0333194
440000 0.0340022
450000 0.0348698
460000 0.0355664
470000 0.0365308
480000 0.0373400
490000 0.0385652
500000 0.0388706
510000 0.0399654
520000 0.0402060
530000 0.0413756
540000 0.0419628
550000 0.0425400
560000 0.0481434
570000 0.0481854
580000 0.0468440
590000 0.0467764
600000 0.0463776
610000 0.0476652
620000 0.0487578
630000 0.0486698
640000 0.0490720
650000 0.0508594
660000 0.0527356
670000 0.0538730
680000 0.0544258
690000 0.0550044
700000 0.0562148
710000 0.0568076
720000 0.0580124
730000 0.0593100
740000 0.0614668
750000 0.0646260
760000 0.0642864
770000 0.0643796
780000 0.0645098
790000 0.0658256
800000 0.0667314
810000 0.0667138
820000 0.0665812
830000 0.0672850
840000 0.0661730
850000 0.0662946
860000 0.0670486
870000 0.0681972
880000 0.0689344
890000 0.0791588
900000 0.0730386
910000 0.0714094
920000 0.0716564
930000 0.0730102
940000 0.0731006
950000 0.0744420
960000 0.0750412
970000 0.0767426
980000 0.0768998
990000 0.0779870
1000000 0.0784534
