0 0.0000012
10000 0.0008634
20000 0.0018114
30000 0.0028830
40000 0.0037446
50000 0.0048246
60000 0.0058406
70000 0.0068628
80000 0.0079158
90000 0.0090598
100000 0.0106840
110000 0.0120238
120000 0.0130464
130000 0.0143822
140000 0.0153398
150000 0.0164208
160000 0.0172046
170000 0.0182718
180000 0.0196708
190000 0.0210312
200000 0.0221694
210000 0.0226350
220000 0.0231806
230000 0.0245788
240000 0.0256514
250000 0.0272356
260000 0.0284752
270000 0.0292574
280000 0.0306720
290000 0.0318202
300000 0.0333216
310000 0.0347924
320000 0.0358424
330000 0.0376700
340000 0.0384884
350000 0.0399462
360000 0.0415702
370000 0.0430016
380000 0.0443678
390000 0.0455240
400000 0.0472132
410000 0.0483726
420000 0.0517750
430000 0.0562782
440000 0.0551516
450000 0.0599810
460000 0.0606822
470000 0.0660762
480000 0.0635064
490000 0.0678766
500000 0.0659406
510000 0.0662748
520000 0.0664198
530000 0.0679726
540000 0.0695438
550000 0.0719602
560000 0.0723896
570000 0.0750336
580000 0.0749004
590000 0.0780592
600000 0.0790736
610000 0.0808648
620000 0.0836588
630000 0.0932860
640000 0.0892114
650000 0.0900128
660000 0.0889150
670000 0.0905938
680000 0.0978202
690000 0.0933836
700000 0.0952222
710000 0.0968416
720000 0.0990840
730000 0.1006954
740000 0.1044174
750000 0.1103688
760000 0.1135170
770000 0.1104470
780000 0.1105220
790000 0.1135104
800000 0.1134386
810000 0.1152152
820000 0.1183504
830000 0.1216502
840000 0.1232118
850000 0.1253748
860000 0.1348318
870000 0.1364584
880000 0.1299748
890000 0.1306646
900000 0.1335532
910000 0.1352532
920000 0.1369342
930000 0.1401754
940000 0.1413534
950000 0.1476008
960000 0.1557090
970000 0.1489172
980000 0.1504422
990000 0.1527746
1000000 0.1532808
