0 0.0000004
10000 0.0009646
20000 0.0020070
30000 0.0031328
40000 0.0041340
50000 0.0051886
60000 0.0062236
70000 0.0072766
80000 0.0082422
90000 0.0095094
100000 0.0103788
110000 0.0115010
120000 0.0123866
130000 0.0135744
140000 0.0145298
150000 0.0158276
160000 0.0168152
170000 0.0177210
180000 0.0187614
190000 0.0201392
200000 0.0209712
210000 0.0222216
220000 0.0233588
230000 0.0244918
240000 0.0254534
250000 0.0271050
260000 0.0279068
270000 0.0292026
280000 0.0308230
290000 0.0316210
300000 0.0331620
310000 0.0344406
320000 0.0355086
330000 0.0370474
340000 0.0379124
350000 0.0394180
360000 0.0409754
370000 0.0421384
380000 0.0436702
390000 0.0444504
400000 0.0460726
410000 0.0471684
420000 0.0489852
430000 0.0570698
440000 0.0549784
450000 0.0549462
460000 0.0549504
470000 0.0562352
480000 0.0574352
490000 0.0592168
500000 0.0605358
510000 0.0623696
520000 0.0633558
530000 0.0647990
540000 0.0662866
550000 0.0685876
560000 0.0691266
570000 0.0706436
580000 0.0725158
590000 0.0746402
600000 0.0759336
610000 0.0870174
620000 0.0818582
630000 0.0819142
640000 0.0827416
650000 0.0840516
660000 0.0856904
670000 0.0878514
680000 0.0900278
690000 0.0903774
700000 0.0922288
710000 0.0938386
720000 0.0962270
730000 0.0977960
740000 0.1031994
750000 0.1080436
760000 0.1043344
770000 0.1051756
780000 0.1071726
790000 0.1090406
800000 0.1099824
810000 0.1114246
820000 0.1133644
830000 0.1168604
840000 0.1179166
850000 0.1251650
860000 0.1286948
870000 0.1247918
880000 0.1256598
890000 0.1264794
900000 0.1292526
910000 0.1308780
920000 0.1324480
930000 0.1355898
940000 0.1363376
950000 0.1511840
960000 0.1436286
970000 0.1484936
980000 0.1472156
990000 0.1471720
1000000 0.1484050
