0 0.0000008
10000 0.0007878
20000 0.0016098
30000 0.0023926
40000 0.0032090
50000 0.0040654
60000 0.0049044
70000 0.0057624
80000 0.0065208
90000 0.0074022
100000 0.0082566
110000 0.0092244
120000 0.0100752
130000 0.0108006
140000 0.0114788
150000 0.0123910
160000 0.0133330
170000 0.0139242
180000 0.0147742
190000 0.0152832
200000 0.0165010
210000 0.0172166
220000 0.0180000
230000 0.0191946
240000 0.0214026
250000 0.0226666
260000 0.0232876
270000 0.0227080
280000 0.0237070
290000 0.0241584
300000 0.0249834
310000 0.0260104
320000 0.0268102
330000 0.0275898
340000 0.0277204
350000 0.0292726
360000 0.0288156
370000 0.0301552
380000 0.0310338
390000 0.0317704
400000 0.0332900
410000 0.0337768
420000 0.0339584
430000 0.0345676
440000 0.0360040
450000 0.0361392
460000 0.0370492
470000 0.0380552
480000 0.0388184
490000 0.0399462
500000 0.0404844
510000 0.0417224
520000 0.0417814
530000 0.0429704
540000 0.0482428
550000 0.0473574
560000 0.0469304
570000 0.0462548
580000 0.0469308
590000 0.0479534
600000 0.0481240
610000 0.0494608
620000 0.0499648
630000 0.0505610
640000 0.0513910
650000 0.0531918
660000 0.0534668
670000 0.0541754
680000 0.0546548
690000 0.0553806
700000 0.0569990
710000 0.0573958
720000 0.0612596
730000 0.0648840
740000 0.0620326
750000 0.0607136
760000 0.0615826
770000 0.0620728
780000 0.0627488
790000 0.0637746
800000 0.0649102
810000 0.0649072
820000 0.0659982
830000 0.0674282
840000 0.0684230
850000 0.0688890
860000 0.0696266
870000 0.0755294
880000 0.0759296
890000 0.0738674
900000 0.0726510
910000 0.0733506
920000 0.0745260
930000 0.0755106
940000 0.0757256
950000 0.0771652
960000 0.0778388
970000 0.0790960
980000 0.0795268
990000 0.0799164
1000000 0.0909080
