0 0.0000006
10000 0.0011776
20000 0.0025102
30000 0.0037198
40000 0.0050584
50000 0.0063118
60000 0.0076858
70000 0.0090750
80000 0.0107592
90000 0.0120274
100000 0.0134292
110000 0.0147106
120000 0.0162962
130000 0.0178422
140000 0.0191730
150000 0.0207740
160000 0.0220454
170000 0.0230740
180000 0.0247228
190000 0.0259988
200000 0.0273042
210000 0.0286084
220000 0.0305478
230000 0.0316708
240000 0.0332386
250000 0.0346720
260000 0.0361486
270000 0.0378234
280000 0.0391314
290000 0.0415076
300000 0.0420552
310000 0.0436018
320000 0.0451916
330000 0.0480116
340000 0.0485070
350000 0.0502118
360000 0.0582502
370000 0.0552678
380000 0.0557888
390000 0.0559680
400000 0.0574556
410000 0.0585728
420000 0.0603392
430000 0.0620354
440000 0.0635764
450000 0.0649580
460000 0.0663136
470000 0.0677054
480000 0.0699688
490000 0.0708380
500000 0.0732210
510000 0.0820006
520000 0.0789248
530000 0.0767064
540000 0.0785846
550000 0.0798764
560000 0.0821540
570000 0.0834890
580000 0.0851708
590000 0.0864468
600000 0.0884940
610000 0.0900616
620000 0.0921546
630000 0.1008212
640000 0.0958026
650000 0.0957500
660000 0.0988174
670000 0.0995324
680000 0.1017196
690000 0.1032306
700000 0.1041514
710000 0.1062452
720000 0.1154734
730000 0.1128306
740000 0.1104230
750000 0.1118392
760000 0.1139332
770000 0.1165862
780000 0.1169232
790000 0.1188412
800000 0.1195840
810000 0.1316946
820000 0.1244510
830000 0.1240146
840000 0.1275118
850000 0.1278134
860000 0.1300624
870000 0.1311496
880000 0.1330870
890000 0.1446134
900000 0.1359202
910000 0.1372436
920000 0.1390348
930000 0.1411680
940000 0.1426526
950000 0.1440654
960000 0.1577222
970000 0.1473424
980000 0.1489562
990000 0.1499514
1000000 0.1529220
