0 0.0000018
10000 0.0007626
20000 0.0016168
30000 0.0024964
40000 0.0033894
50000 0.0043122
60000 0.0052260
70000 0.0062916
80000 0.0074290
90000 0.0079646
100000 0.0093302
110000 0.0100900
120000 0.0110346
130000 0.0119902
140000 0.0129728
150000 0.0138542
160000 0.0150804
170000 0.0158642
180000 0.0169238
190000 0.0177138
200000 0.0185720
210000 0.0194822
220000 0.0207152
230000 0.0225934
240000 0.0242864
250000 0.0262474
260000 0.0265696
270000 0.0268514
280000 0.0278870
290000 0.0288800
300000 0.0303432
310000 0.0308654
320000 0.0315510
330000 0.0328420
340000 0.0335904
350000 0.0345068
360000 0.0354070
370000 0.0358262
380000 0.0367572
390000 0.0376298
400000 0.0402388
410000 0.0398622
420000 0.0412816
430000 0.0420062
440000 0.0442018
450000 0.0449106
460000 0.0460508
470000 0.0497026
480000 0.0508680
490000 0.0505474
500000 0.0512064
510000 0.0522708
520000 0.0530104
530000 0.0547854
540000 0.0547776
550000 0.0552532
560000 0.0569818
570000 0.0572756
580000 0.0584164
590000 0.0612494
600000 0.0599472
610000 0.0670146
620000 0.0659632
630000 0.0663368
640000 0.0668430
650000 0.0657996
660000 0.0677374
670000 0.0679752
680000 0.0678726
690000 0.0697492
700000 0.0702208
710000 0.0731964
720000 0.0763592
730000 0.0788472
740000 0.0772402
750000 0.0767910
760000 0.0758240
770000 0.0772784
780000 0.0783008
790000 0.0791960
800000 0.0800586
810000 0.0810942
820000 0.0821156
830000 0.0898746
840000 0.0855142
850000 0.0849660
860000 0.0863458
870000 0.0876290
880000 0.0883482
890000 0.0896974
900000 0.0909080
910000 0.0928274
920000 0.1009270
930000 0.0943530
940000 0.0978272
950000 0.0984516
960000 0.0970346
970000 0.0978610
980000 0.1011410
990000 0.1002598
1000000 0.1107568
