0 0.0000010
10000 0.0009090
20000 0.0019732
30000 0.0029946
40000 0.0041172
50000 0.0050822
60000 0.0063594
70000 0.0075990
80000 0.0086174
90000 0.0098942
100000 0.0111644
110000 0.0122394
120000 0.0131916
130000 0.0145100
140000 0.0155732
150000 0.0170766
160000 0.0179878
170000 0.0184486
180000 0.0196478
190000 0.0210768
200000 0.0220768
210000 0.0230940
220000 0.0244422
230000 0.0256644
240000 0.0266414
250000 0.0279300
260000 0.0288752
270000 0.0304070
280000 0.0311256
290000 0.0325706
300000 0.0343596
310000 0.0349148
320000 0.0366510
330000 0.0380074
340000 0.0387806
350000 0.0398024
360000 0.0433014
370000 0.0462478
380000 0.0450974
390000 0.0465110
400000 0.0462100
410000 0.0474928
420000 0.0486702
430000 0.0497630
440000 0.0507902
450000 0.0524094
460000 0.0530364
470000 0.0548662
480000 0.0561144
490000 0.0570900
500000 0.0585776
510000 0.0595156
520000 0.0603740
530000 0.0683526
540000 0.0660146
550000 0.0652348
560000 0.0676202
570000 0.0694236
580000 0.0699330
590000 0.0712218
600000 0.0727292
610000 0.0756168
620000 0.0766384
630000 0.0777678
640000 0.0801000
650000 0.0856566
660000 0.0853910
670000 0.0832810
680000 0.0837492
690000 0.0844130
700000 0.0843828
710000 0.0859902
720000 0.0877196
730000 0.0881930
740000 0.0899760
750000 0.0925270
760000 0.1016538
770000 0.0972842
780000 0.0952690
790000 0.0962714
800000 0.0973314
810000 0.0985428
820000 0.0988078
830000 0.0997156
840000 0.1028328
850000 0.1118398
860000 0.1056800
870000 0.1047164
880000 0.1062664
890000 0.1072046
900000 0.1093852
910000 0.1105902
920000 0.1119938
930000 0.1209188
940000 0.1154258
950000 0.1146750
960000 0.1162812
970000 0.1180002
980000 0.1202366
990000 0.1201816
1000000 0.1314104
