0 0.0000012
10000 0.0009638
20000 0.0020494
30000 0.0031964
40000 0.0043008
50000 0.0055326
60000 0.0066418
70000 0.0077114
80000 0.0089822
90000 0.0106560
100000 0.0115390
110000 0.0124598
120000 0.0138118
130000 0.0150248
140000 0.0172336
150000 0.0174202
160000 0.0185574
170000 0.0199124
180000 0.0210602
190000 0.0229272
200000 0.0243242
210000 0.0251586
220000 0.0268328
230000 0.0277556
240000 0.0286376
250000 0.0310614
260000 0.0329010
270000 0.0364198
280000 0.0362306
290000 0.0368954
300000 0.0386504
310000 0.0395034
320000 0.0414066
330000 0.0438190
340000 0.0431104
350000 0.0443148
360000 0.0455434
370000 0.0477632
380000 0.0470116
390000 0.0489144
400000 0.0496778
410000 0.0523554
420000 0.0529120
430000 0.0538428
440000 0.0555490
450000 0.0572890
460000 0.0592236
470000 0.0644928
480000 0.0641424
490000 0.0636608
500000 0.0660724
510000 0.0652784
520000 0.0655218
530000 0.0669016
540000 0.0673712
550000 0.0697258
560000 0.0715912
570000 0.0724844
580000 0.0736190
590000 0.0756882
600000 0.0800654
610000 0.0826650
620000 0.0803288
630000 0.0804936
640000 0.0823516
650000 0.0836636
660000 0.0861368
670000 0.0872918
680000 0.0870446
690000 0.0899616
700000 0.0892282
710000 0.0996056
720000 0.0951268
730000 0.0938332
740000 0.0968008
750000 0.0963284
760000 0.0993056
770000 0.1000282
780000 0.1012076
790000 0.1032388
800000 0.1097102
810000 0.1088996
820000 0.1071546
830000 0.1082892
840000 0.1098998
850000 0.1119558
860000 0.1120952
870000 0.1116352
880000 0.1189402
890000 0.1220678
900000 0.1194244
910000 0.1180172
920000 0.1210856
930000 0.1229724
940000 0.1222660
950000 0.1244008
960000 0.1330574
970000 0.1337386
980000 0.1312782
990000 0.1300786
1000000 0.1334552
