0 0.0000014
10000 0.0010690
20000 0.0017250
30000 0.0027614
40000 0.0038480
50000 0.0047746
60000 0.0056948
70000 0.0067106
80000 0.0076182
90000 0.0084102
100000 0.0093968
110000 0.0102282
120000 0.0114946
130000 0.0125996
140000 0.0132362
150000 0.0139354
160000 0.0149642
170000 0.0159426
180000 0.0168136
190000 0.0180744
200000 0.0189828
210000 0.0200218
220000 0.0206718
230000 0.0217836
240000 0.0228024
250000 0.0238710
260000 0.0249406
270000 0.0259476
280000 0.0269740
290000 0.0278400
300000 0.0289830
310000 0.0306954
320000 0.0318062
330000 0.0326004
340000 0.0336346
350000 0.0342858
360000 0.0349394
370000 0.0359486
380000 0.0372284
390000 0.0402528
400000 0.0426216
410000 0.0416878
420000 0.0417628
430000 0.0432388
440000 0.0434568
450000 0.0443264
460000 0.0453128
470000 0.0465408
480000 0.0472090
490000 0.0482082
500000 0.0516228
510000 0.0518698
520000 0.0520270
530000 0.0541936
540000 0.0567292
550000 0.0577284
560000 0.0623664
570000 0.0603798
580000 0.0591554
590000 0.0594360
600000 0.0599956
610000 0.0619192
620000 0.0643408
630000 0.0653916
640000 0.0654158
650000 0.0656186
660000 0.0662256
670000 0.0678558
680000 0.0751410
690000 0.0733802
700000 0.0725300
710000 0.0739134
720000 0.0732078
730000 0.0760898
740000 0.0758268
750000 0.0759878
760000 0.0770206
770000 0.0780034
780000 0.0798122
790000 0.0893534
800000 0.0827986
810000 0.0831218
820000 0.0834374
830000 0.0846834
840000 0.0853678
850000 0.0893888
860000 0.0885790
870000 0.0900106
880000 0.0978916
890000 0.0987496
900000 0.0923990
910000 0.0980274
920000 0.0949948
930000 0.0961574
940000 0.0972656
950000 0.1011000
960000 0.0998516
970000 0.1091032
980000 0.1047606
990000 0.1051232
1000000 0.1052638
