10000 0.0062508
20000 0.0140036
30000 0.0189718
40000 0.0240184
50000 0.0337818
60000 0.0420796
70000 0.0459424
80000 0.0595022
90000 0.0656738
100000 0.0631520
110000 0.0674842
120000 0.0689828
130000 0.0731744
140000 0.0810866
150000 0.0940034
160000 0.0911024
170000 0.0912230
180000 0.0999742
190000 0.1037696
200000 0.1050024
210000 0.1049836
220000 0.1099144
230000 0.1084300
240000 0.1137800
250000 0.1185284
260000 0.1150534
270000 0.1188508
280000 0.1376650
290000 0.1521054
300000 0.1474008
310000 0.1460676
320000 0.1499244
330000 0.1507238
340000 0.1548898
350000 0.1563748
360000 0.1746750
370000 0.1711674
380000 0.1666156
390000 0.1694488
400000 0.1694012
410000 0.1755046
420000 0.1880864
430000 0.1924468
440000 0.1896728
450000 0.1875474
460000 0.1872736
470000 0.1929540
480000 0.2109750
490000 0.1999082
500000 0.2021078
510000 0.2086180
520000 0.2109472
530000 0.2231868
540000 0.2154874
550000 0.2193146
560000 0.2488444
570000 0.2454442
580000 0.2683838
590000 0.2554166
600000 0.2634570
610000 0.2604894
620000 0.2749834
630000 0.2840798
640000 0.2725572
650000 0.2734834
660000 0.2844640
670000 0.2918422
680000 0.2840826
690000 0.2890354
700000 0.2997052
710000 0.2978772
720000 0.2979650
730000 0.3013616
740000 0.3148492
750000 0.3021980
760000 0.3059254
770000 0.3247424
780000 0.3183528
790000 0.3203936
800000 0.3253662
810000 0.3416408
820000 0.3268052
830000 0.3355954
840000 0.3473050
850000 0.3389236
860000 0.3445182
870000 0.3608238
880000 0.3432840
890000 0.3522874
900000 0.3648390
910000 0.3565348
920000 0.3580070
930000 0.3760772
940000 0.3667398
950000 0.3739390
960000 0.3837452
970000 0.3708554
980000 0.3880818
990000 0.3994632
1000000 0.3985244
