10000 0.0066386
20000 0.0142708
30000 0.0197998
40000 0.0246382
50000 0.0348234
60000 0.0431804
70000 0.0446392
80000 0.0538654
90000 0.0597820
100000 0.0608786
110000 0.0641176
120000 0.0669732
130000 0.0706198
140000 0.0766706
150000 0.0817408
160000 0.0843732
170000 0.0861726
180000 0.0881536
190000 0.0905100
200000 0.0943006
210000 0.1078980
220000 0.1071576
230000 0.1047992
240000 0.1061970
250000 0.1102814
260000 0.1123732
270000 0.1175798
280000 0.1276946
290000 0.1325438
300000 0.1359176
310000 0.1515728
320000 0.1402930
330000 0.1432474
340000 0.1454078
350000 0.1499996
360000 0.1520554
370000 0.1551382
380000 0.1716224
390000 0.1673426
400000 0.1681390
410000 0.1699942
420000 0.1747554
430000 0.1770976
440000 0.1857942
450000 0.1876040
460000 0.1818618
470000 0.1858234
480000 0.1889756
490000 0.1938296
500000 0.2108284
510000 0.2129130
520000 0.2077902
530000 0.2099506
540000 0.2096484
550000 0.2295010
560000 0.2382682
570000 0.2407954
580000 0.2402100
590000 0.2553056
600000 0.2552032
610000 0.2533738
620000 0.2584920
630000 0.2664816
640000 0.2736246
650000 0.2674906
660000 0.2646870
670000 0.2749162
680000 0.2854326
690000 0.2806668
700000 0.2869268
710000 0.2971274
720000 0.3134294
730000 0.2956500
740000 0.2976674
750000 0.3240520
760000 0.3055268
770000 0.3052676
780000 0.3234244
790000 0.3189246
800000 0.3170032
810000 0.3249468
820000 0.3332948
830000 0.3281908
840000 0.3254676
850000 0.3424298
860000 0.3298834
870000 0.3414850
880000 0.3558232
890000 0.3483384
900000 0.3426738
910000 0.3601458
920000 0.3499634
930000 0.3520508
940000 0.3760302
950000 0.3573928
960000 0.3695544
970000 0.3854816
980000 0.3782660
990000 0.3786496
1000000 0.3839888
