10000 0.0130816
20000 0.0285160
30000 0.0409916
40000 0.0714122
50000 0.0841670
60000 0.0929514
70000 0.1133372
80000 0.1153650
90000 0.1520456
100000 0.1720912
110000 0.2136132
120000 0.2281514
130000 0.2415734
140000 0.2507636
150000 0.2714094
160000 0.3147102
170000 0.3420386
180000 0.3398294
190000 0.3619336
200000 0.3689502
210000 0.3546692
220000 0.4008216
230000 0.3793858
240000 0.3760056
250000 0.3621956
260000 0.3560524
270000 0.3584700
280000 0.4332012
290000 0.4124610
300000 0.4161154
310000 0.4322846
320000 0.4325146
330000 0.4303122
340000 0.4313360
350000 0.4579918
360000 0.4394554
370000 0.4589600
380000 0.4697376
390000 0.4522610
400000 0.4547868
410000 0.4761918
420000 0.4693430
430000 0.4692098
440000 0.4865876
450000 0.4836482
460000 0.4831086
470000 0.4977322
480000 0.4975694
490000 0.4864124
500000 0.5118446
510000 0.4931016
520000 0.4982196
530000 0.5292076
540000 0.5108706
550000 0.5200344
560000 0.6590966
570000 0.6518070
580000 0.6604538
590000 0.6418660
600000 0.6610430
610000 0.6490268
620000 0.6725212
630000 0.6568162
640000 0.6858444
650000 0.6697662
660000 0.6854454
670000 0.6801246
680000 0.7117702
690000 0.6888274
700000 0.7044566
710000 0.6977560
720000 0.7123964
730000 0.6970124
740000 0.7265134
750000 0.7092970
760000 0.7344670
770000 0.7180746
780000 0.7352550
790000 0.7332796
800000 0.7517412
810000 0.7334062
820000 0.7595952
830000 0.7494864
840000 0.7655220
850000 0.7694256
860000 0.7485070
870000 0.7721676
880000 0.7662864
890000 0.7906180
900000 0.7850082
910000 0.7964094
920000 0.8049178
930000 0.7806362
940000 0.8068554
950000 0.7858122
960000 0.8199740
970000 0.8253574
980000 0.7999000
990000 0.8358736
1000000 0.8215534
