10000 0.0063664
20000 0.0139082
30000 0.0192344
40000 0.0243380
50000 0.0341172
60000 0.0426862
70000 0.0453828
80000 0.0574110
90000 0.0618770
100000 0.0635608
110000 0.0661824
120000 0.0689234
130000 0.0727576
140000 0.0800908
150000 0.0837808
160000 0.0925178
170000 0.1001046
180000 0.0990438
190000 0.1008768
200000 0.0979830
210000 0.1029954
220000 0.1049264
230000 0.1087642
240000 0.1097966
250000 0.1127412
260000 0.1186628
270000 0.1297158
280000 0.1336982
290000 0.1367030
300000 0.1409198
310000 0.1440456
320000 0.1442540
330000 0.1480262
340000 0.1558312
350000 0.1656542
360000 0.1600896
370000 0.1628690
380000 0.1648284
390000 0.1671598
400000 0.1726198
410000 0.1919592
420000 0.1802636
430000 0.1829360
440000 0.1831614
450000 0.1844886
460000 0.1937060
470000 0.2101508
480000 0.1991506
490000 0.2019454
500000 0.2056666
510000 0.2017460
520000 0.2217932
530000 0.2163688
540000 0.2173744
550000 0.2222878
560000 0.2412414
570000 0.2598226
580000 0.2532564
590000 0.2582418
600000 0.2590516
610000 0.2769058
620000 0.2670746
630000 0.2654344
640000 0.2688882
650000 0.2854610
660000 0.2794342
670000 0.2811680
680000 0.2895586
690000 0.3035778
700000 0.2936790
710000 0.2881300
720000 0.3009330
730000 0.3069234
740000 0.3065114
750000 0.3098200
760000 0.3251256
770000 0.3158878
780000 0.3210816
790000 0.3314890
800000 0.3282536
810000 0.3288724
820000 0.3346032
830000 0.3447458
840000 0.3420544
850000 0.3433246
860000 0.3599660
870000 0.3529930
880000 0.3635188
890000 0.3687462
900000 0.3518838
910000 0.3581860
920000 0.3776940
930000 0.3610902
940000 0.3766510
950000 0.3915418
960000 0.3811790
970000 0.3879672
980000 0.3978504
990000 0.4019378
1000000 0.4043266
