0 0.0000024
10000 0.0089346
20000 0.0113340
30000 0.0160064
40000 0.0211666
50000 0.0262044
60000 0.0310704
70000 0.0360116
80000 0.0411732
90000 0.0451822
100000 0.0500456
110000 0.0596818
120000 0.0657640
130000 0.0661620
140000 0.0709744
150000 0.0739788
160000 0.0782104
170000 0.0825278
180000 0.0866848
190000 0.0916122
200000 0.0968942
210000 0.1011708
220000 0.1053504
230000 0.1097074
240000 0.1133030
250000 0.1178616
260000 0.1251450
270000 0.1334324
280000 0.1397896
290000 0.1368918
300000 0.1397340
310000 0.1441880
320000 0.1483370
330000 0.1551628
340000 0.1580780
350000 0.1622972
360000 0.1657398
370000 0.1806184
380000 0.1816466
390000 0.1783476
400000 0.1826798
410000 0.1869590
420000 0.1915364
430000 0.1959184
440000 0.2008764
450000 0.2192250
460000 0.2133806
470000 0.2135666
480000 0.2181126
490000 0.2213818
500000 0.2251760
510000 0.2294914
520000 0.2458094
530000 0.2401660
540000 0.2417382
550000 0.2461076
560000 0.2513454
570000 0.2546298
580000 0.2764394
590000 0.2655636
600000 0.2729232
610000 0.2714750
620000 0.2754268
630000 0.2860192
640000 0.2943256
650000 0.2888974
660000 0.2919694
670000 0.2960040
680000 0.3003098
690000 0.3183638
700000 0.3086384
710000 0.3122782
720000 0.3175932
730000 0.3325272
740000 0.3285006
750000 0.3287766
760000 0.3339566
770000 0.3389536
780000 0.3571928
790000 0.3498792
800000 0.3547298
810000 0.3532384
820000 0.3796108
830000 0.3680234
840000 0.3658864
850000 0.3709438
860000 0.3891114
870000 0.3773140
880000 0.3814554
890000 0.3856130
900000 0.4168116
910000 0.3961966
920000 0.3984730
930000 0.4013600
940000 0.4315474
950000 0.4094278
960000 0.4136676
970000 0.4237234
980000 0.4449674
990000 0.4263062
1000000 0.4298502
