0 1056
1 1058
2 1006
3 982
4 1083
5 1031
6 1021
7 1003
8 1044
9 1038
10 1085
11 1041
12 1066
13 1083
14 1021
15 1044
16 1003
17 996
18 1015
19 996
20 980
21 968
22 1062
23 1080
24 995
25 977
26 990
27 1014
28 988
29 996
30 993
31 976
32 1047
33 1023
34 1039
35 1015
36 1000
37 1009
38 1007
39 1010
40 1016
41 987
42 1099
43 997
44 1091
45 1071
46 1069
47 1025
48 977
49 968
50 988
51 957
52 937
53 920
54 1084
55 1041
56 955
57 969
58 988
59 978
60 982
61 988
62 990
63 1033
64 1053
65 985
66 926
67 953
68 1000
69 1000
70 1062
71 939
72 998
73 996
74 973
75 1018
76 1074
77 983
78 1115
79 1040
80 965
81 933
82 972
83 950
84 994
85 967
86 977
87 1043
88 929
89 959
90 918
91 953
92 999
93 998
94 992
95 960
96 1066
97 992
98 912
99 968
100 1109
101 1010
102 975
103 1009
104 986
105 990
106 1012
107 1045
108 998
109 1030
110 1078
111 1020
112 899
113 920
114 991
115 1031
116 1085
117 1090
118 1011
119 1014
120 1028
121 1002
122 924
123 925
124 994
125 958
126 976
127 1041
128 1030
129 1069
130 991
131 964
132 1013
133 1081
134 1010
135 955
136 1070
137 1004
138 1003
139 987
140 1055
141 1010
142 1051
143 1073
144 978
145 930
146 1073
147 1038
148 1032
149 991
150 993
151 967
152 929
153 945
154 933
155 948
156 961
157 935
158 996
159 965
160 1084
161 1010
162 994
163 957
164 996
165 1055
166 935
167 938
168 975
169 1013
170 1030
171 1003
172 1018
173 984
174 1054
175 986
176 1034
177 1005
178 987
179 1007
180 929
181 929
182 977
183 991
184 940
185 946
186 931
187 940
188 957
189 952
190 958
191 935
192 1019
193 988
194 985
195 910
196 1000
197 1014
198 901
199 934
200 1029
201 1059
202 991
203 997
204 994
205 994
206 1006
207 958
208 1031
209 941
210 1024
211 982
212 918
213 909
214 1003
215 981
216 1034
217 997
218 993
219 1007
220 992
221 962
222 937
223 931
224 1071
225 1027
226 966
227 993
228 1057
229 1001
230 1000
231 958
232 1057
233 1037
234 1057
235 1062
236 974
237 1011
238 1003
239 967
240 1028
241 988
242 1058
243 1008
244 937
245 938
246 988
247 1058
248 1009
249 965
250 1013
251 1035
252 997
253 945
254 990
255 878
256 993
257 998
258 1011
259 1014
260 947
261 1048
262 981
263 979
264 1060
265 1016
266 1138
267 1026
268 1024
269 987
270 1042
271 987
272 962
273 957
274 1081
275 1025
276 944
277 999
278 981
279 1015
280 999
281 951
282 1035
283 924
284 971
285 938
286 1002
287 986
288 953
289 1003
290 1004
291 909
292 1005
293 1000
294 963
295 908
296 1084
297 1027
298 1015
299 1005
300 1001
301 990
302 1069
303 980
304 965
305 978
306 1123
307 1036
308 1005
309 958
310 1059
311 987
312 1019
313 1068
314 941
315 998
316 958
317 953
318 1001
319 972
320 996
321 1021
322 990
323 1000
324 1099
325 1039
326 964
327 953
328 1052
329 1067
330 1073
331 1008
332 1089
333 1023
334 1033
335 1005
336 1116
337 1011
338 1076
339 1033
340 1049
341 1001
342 1142
343 1092
344 1034
345 998
346 1052
347 961
348 985
349 1029
350 1066
351 1001
352 1020
353 1106
354 1000
355 997
356 1014
357 1039
358 944
359 977
360 1060
361 1015
362 990
363 1025
364 1054
365 1058
366 1064
367 1002
368 999
369 965
370 1069
371 1006
372 1064
373 950
374 1067
375 1107
376 976
377 932
378 991
379 935
380 978
381 937
382 995
383 975
384 1011
385 940
386 961
387 979
388 1041
389 981
390 1014
391 1038
392 1022
393 994
394 993
395 922
396 1085
397 1038
398 980
399 976
400 963
401 981
402 990
403 985
404 982
405 959
406 1074
407 1062
408 930
409 924
410 968
411 980
412 998
413 978
414 1003
415 934
416 1069
417 1002
418 938
419 912
420 1056
421 998
422 1039
423 965
424 1021
425 967
426 1035
427 1045
428 1030
429 1071
430 1032
431 1022
432 919
433 932
434 1038
435 1027
436 991
437 1012
438 1006
439 1051
440 966
441 960
442 991
443 1007
444 1029
445 1019
446 1003
447 1008
448 998
449 995
450 977
451 985
452 1103
453 1027
454 1037
455 966
456 1007
457 1032
458 1001
459 970
460 1046
461 1058
462 968
463 1072
464 993
465 964
466 964
467 979
468 1049
469 1004
470 997
471 1013
472 970
473 996
474 946
475 937
476 965
477 959
478 974
479 951
480 971
481 973
482 997
483 996
484 1036
485 1050
486 996
487 938
488 1008
489 1051
490 973
491 948
492 993
493 910
494 1040
495 980
496 1002
497 933
498 1019
499 950
500 1045
501 1020
502 1017
503 1022
504 949
505 945
506 933
507 1014
508 943
509 900
510 962
511 1008
512 1058
513 995
514 943
515 977
516 1063
517 999
518 929
519 906
520 1041
521 990
522 1021
523 946
524 1011
525 1001
526 996
527 946
528 1056
529 953
530 943
531 988
532 962
533 910
534 1021
535 1005
536 928
537 944
538 952
539 1009
540 1032
541 936
542 1024
543 1006
544 1053
545 946
546 943
547 938
548 1019
549 983
550 1009
551 952
552 1029
553 1015
554 1019
555 1037
556 1090
557 1014
558 1038
559 1013
560 1020
561 1070
562 1083
563 978
564 964
565 966
566 1069
567 1029
568 967
569 942
570 1025
571 966
572 1012
573 928
574 977
575 957
576 1045
577 1023
578 1018
579 935
580 994
581 1013
582 950
583 990
584 1069
585 1062
586 966
587 1093
588 1002
589 988
590 1041
591 939
592 1011
593 1047
594 1029
595 1048
596 927
597 939
598 1088
599 992
600 1005
601 909
602 1016
603 1016
604 1007
605 920
606 990
607 991
608 1000
609 988
610 973
611 947
612 1013
613 936
614 961
615 941
616 1134
617 1044
618 1034
619 1034
620 984
621 1008
622 1014
623 985
624 1060
625 943
626 992
627 1085
628 1037
629 1016
630 976
631 964
632 952
633 930
634 1003
635 1003
636 931
637 998
638 973
639 978
640 1015
641 1002
642 996
643 1012
644 1037
645 986
646 958
647 985
648 1076
649 1062
650 1017
651 956
652 994
653 1045
654 983
655 1001
656 1053
657 1023
658 1084
659 1046
660 1070
661 985
662 1068
663 1060
664 1065
665 1044
666 1015
667 1011
668 966
669 910
670 1038
671 1039
672 1037
673 1003
674 979
675 1024
676 1052
677 1035
678 955
679 1004
680 1062
681 1030
682 1035
683 1008
684 1052
685 1059
686 1090
687 981
688 1076
689 989
690 1073
691 1067
692 1085
693 969
694 1062
695 1018
696 984
697 984
698 1032
699 1031
700 962
701 946
702 1034
703 1038
704 1027
705 1020
706 999
707 1039
708 1070
709 976
710 981
711 938
712 1011
713 928
714 1028
715 941
716 1050
717 992
718 1017
719 1033
720 1058
721 1010
722 1054
723 1026
724 1022
725 1016
726 1080
727 1070
728 960
729 998
730 985
731 961
732 985
733 992
734 1010
735 1011
736 957
737 979
738 1001
739 931
740 1048
741 997
742 1024
743 1088
744 1040
745 991
746 982
747 936
748 1032
749 997
750 1029
751 960
752 994
753 999
754 1009
755 934
756 990
757 949
758 1034
759 1080
760 887
761 941
762 991
763 981
764 1064
765 1002
766 1037
767 981
768 1049
769 1034
770 945
771 923
772 987
773 1023
774 1029
775 1026
776 1058
777 994
778 976
779 929
780 1047
781 1030
782 949
783 949
784 977
785 971
786 1052
787 983
788 976
789 992
790 1084
791 1060
792 966
793 969
794 980
795 972
796 1047
797 961
798 1048
799 977
800 1035
801 1006
802 913
803 972
804 1016
805 950
806 1046
807 977
808 1044
809 968
810 981
811 1062
812 1040
813 1062
814 975
815 947
816 982
817 972
818 1055
819 1015
820 952
821 1010
822 1011
823 1019
824 967
825 960
826 956
827 963
828 1008
829 960
830 1037
831 1003
832 972
833 1005
834 953
835 927
836 976
837 987
838 937
839 994
840 1095
841 974
842 929
843 958
844 999
845 999
846 967
847 951
848 935
849 980
850 1026
851 939
852 961
853 930
854 998
855 964
856 979
857 989
858 966
859 941
860 978
861 935
862 1034
863 1008
864 1008
865 924
866 979
867 945
868 1022
869 1029
870 946
871 911
872 1052
873 995
874 996
875 979
876 1037
877 968
878 949
879 928
880 1079
881 977
882 1046
883 1067
884 994
885 1028
886 995
887 1085
888 957
889 892
890 1051
891 1069
892 958
893 948
894 1041
895 978
896 1046
897 1005
898 918
899 960
900 989
901 979
902 960
903 947
904 1028
905 1041
906 1025
907 1028
908 1055
909 1033
910 989
911 984
912 1028
913 1045
914 1057
915 1052
916 1012
917 948
918 1051
919 1029
920 954
921 922
922 1100
923 1033
924 940
925 901
926 986
927 974
928 998
929 1043
930 979
931 969
932 952
933 915
934 929
935 992
936 1060
937 1015
938 1056
939 988
940 1048
941 1010
942 964
943 1000
944 1035
945 1087
946 1098
947 971
948 911
949 978
950 1028
951 1003
952 1052
953 948
954 1094
955 1048
956 884
957 918
958 952
959 1002
960 1000
961 930
962 973
963 934
964 944
965 941
966 928
967 920
968 1036
969 973
970 1004
971 1004
972 1083
973 1112
974 1033
975 978
976 1049
977 1036
978 1047
979 1013
980 983
981 1015
982 1068
983 986
984 945
985 1027
986 1038
987 1009
988 962
989 1065
990 1028
991 1031
992 975
993 1024
994 961
995 1009
996 1077
997 1011
998 948
999 965
