0 1006
1 988
2 923
3 881
4 876
5 803
6 1036
7 1013
8 918
9 908
10 990
11 968
12 986
13 1042
14 833
15 854
16 1142
17 1076
18 944
19 888
20 987
21 887
22 1026
23 950
24 1008
25 915
26 1134
27 1096
28 1043
29 991
30 911
31 902
32 1021
33 939
34 1022
35 964
36 970
37 953
38 1100
39 1076
40 1029
41 1045
42 979
43 963
44 1050
45 1037
46 944
47 936
48 1054
49 984
50 979
51 982
52 1029
53 1079
54 1016
55 1015
56 1162
57 1164
58 997
59 1052
60 1004
61 962
62 1045
63 989
64 988
65 961
66 1106
67 1066
68 980
69 989
70 1034
71 978
72 1075
73 1022
74 948
75 993
76 943
77 987
78 1023
79 968
80 979
81 1020
82 1033
83 1069
84 1118
85 1060
86 941
87 934
88 1068
89 1039
90 1021
91 1051
92 922
93 897
94 1165
95 1102
96 1005
97 956
98 1070
99 1061
100 999
101 961
102 951
103 953
104 929
105 924
106 1041
107 952
108 919
109 855
110 1062
111 1008
112 1043
113 1048
114 850
115 938
116 1131
117 1076
118 875
119 877
120 907
121 887
122 1039
123 1070
124 927
125 961
126 1142
127 1086
128 1076
129 1029
130 950
131 922
132 968
133 989
134 987
135 990
136 881
137 894
138 1024
139 1031
140 973
141 1008
142 1001
143 932
144 1124
145 1052
146 906
147 855
148 1097
149 1032
150 963
151 974
152 1038
153 963
154 1131
155 1109
156 1103
157 1123
158 1037
159 1069
160 1015
161 983
162 975
163 933
164 969
165 969
166 1009
167 1075
168 1012
169 982
170 1056
171 964
172 1105
173 1018
174 1010
175 963
176 1006
177 1078
178 992
179 1000
180 1040
181 1043
182 1079
183 1035
184 929
185 973
186 1091
187 1007
188 1045
189 1017
190 1059
191 1047
192 975
193 939
194 981
195 991
196 1001
197 995
198 1043
199 1005
200 1037
201 1065
202 924
203 923
204 925
205 895
206 993
207 984
208 953
209 971
210 1118
211 967
212 1121
213 1033
214 914
215 937
216 1121
217 1043
218 1066
219 983
220 913
221 919
222 1047
223 1083
224 933
225 887
226 1039
227 1048
228 1017
229 1060
230 926
231 958
232 1071
233 995
234 893
235 867
236 935
237 869
238 1040
239 1056
240 919
241 820
242 1000
243 975
244 1120
245 1074
246 907
247 832
248 1062
249 1041
250 898
251 883
252 962
253 941
254 1158
255 1077
256 908
257 921
258 1050
259 1043
260 1003
261 1026
262 994
263 926
264 988
265 991
266 908
267 919
268 1013
269 901
270 1024
271 1001
272 1035
273 1008
274 1022
275 972
276 1086
277 1013
278 985
279 960
280 1035
281 1054
282 1043
283 1062
284 1077
285 1019
286 979
287 1010
288 1035
289 984
290 986
291 1052
292 928
293 990
294 1051
295 1033
296 1017
297 974
298 1002
299 1026
300 1003
301 1040
302 991
303 933
304 1116
305 1047
306 990
307 941
308 941
309 970
310 1041
311 1021
312 938
313 1008
314 987
315 1094
316 1066
317 1070
318 1025
319 945
320 987
321 939
322 951
323 941
324 889
325 878
326 1087
327 1077
328 1018
329 929
330 977
331 963
332 1009
333 1011
334 938
335 904
336 1006
337 993
338 990
339 980
340 885
341 850
342 996
343 981
344 1116
345 1045
346 1046
347 940
348 1079
349 1018
350 894
351 876
352 928
353 886
354 973
355 1062
356 879
357 902
358 1041
359 1063
360 985
361 1037
362 895
363 913
364 1013
365 1024
366 908
367 919
368 998
369 923
370 1023
371 1026
372 1078
373 1054
374 965
375 1004
376 1079
377 1123
378 893
379 964
380 1010
381 1000
382 1073
383 1009
384 972
385 977
386 1170
387 1073
388 1078
389 999
390 1019
391 1083
392 1040
393 971
394 928
395 936
396 972
397 966
398 1040
399 1084
400 1038
401 1026
402 1019
403 993
404 1069
405 1054
406 944
407 936
408 1056
409 966
410 1006
411 1063
412 958
413 982
414 1080
415 1073
416 1130
417 1130
418 1049
419 993
420 954
421 968
422 1021
423 1000
424 920
425 901
426 1068
427 1093
428 1010
429 921
430 1012
431 1013
432 1090
433 1120
434 934
435 873
436 955
437 950
438 963
439 933
440 959
441 898
442 1114
443 1038
444 1068
445 1029
446 1052
447 980
448 1101
449 1003
450 941
451 921
452 927
453 876
454 1023
455 1012
456 876
457 860
458 1045
459 1010
460 1012
461 984
462 899
463 908
464 1083
465 1078
466 883
467 866
468 966
469 988
470 1084
471 1053
472 954
473 967
474 1105
475 1030
476 1121
477 1087
478 1003
479 941
480 1079
481 1040
482 926
483 887
484 938
485 935
486 1112
487 1110
488 939
489 973
490 997
491 1056
492 983
493 962
494 944
495 983
496 1065
497 1055
498 935
499 996
500 1065
501 998
502 991
503 916
504 1094
505 1057
506 1100
507 1012
508 1020
509 994
510 1004
511 1016
512 1096
513 977
514 1058
515 1008
516 1078
517 1099
518 1070
519 1053
520 983
521 997
522 1053
523 985
524 992
525 908
526 1121
527 1051
528 960
529 937
530 996
531 1005
532 1090
533 1079
534 952
535 986
536 1179
537 1017
538 996
539 910
540 986
541 894
542 1068
543 1074
544 1010
545 894
546 1085
547 1111
548 1029
549 1085
550 970
551 928
552 971
553 963
554 924
555 935
556 909
557 841
558 1105
559 1057
560 975
561 960
562 963
563 922
564 1049
565 1078
566 910
567 867
568 1034
569 990
570 998
571 945
572 943
573 891
574 1093
575 924
576 936
577 1070
578 1035
579 994
580 1005
581 1017
582 916
583 892
584 944
585 908
586 992
587 1004
588 985
589 968
590 1097
591 1029
592 1019
593 988
594 896
595 897
596 1081
597 1023
598 919
599 969
600 983
601 1012
602 1006
603 1102
604 1102
605 1037
606 1059
607 1036
608 1044
609 1008
610 999
611 911
612 1012
613 1053
614 1020
615 1065
616 961
617 940
618 1040
619 1069
620 978
621 987
622 993
623 1097
624 1046
625 1011
626 931
627 939
628 948
629 975
630 961
631 1012
632 1056
633 1007
634 983
635 1011
636 1063
637 1079
638 946
639 936
640 965
641 970
642 1047
643 1018
644 970
645 895
646 1104
647 1079
648 1020
649 990
650 1010
651 944
652 980
653 857
654 951
655 908
656 948
657 922
658 974
659 1027
660 1002
661 957
662 935
663 948
664 1186
665 1088
666 1008
667 924
668 947
669 999
670 964
671 980
672 897
673 855
674 1127
675 1047
676 996
677 993
678 1001
679 961
680 1059
681 965
682 898
683 893
684 871
685 907
686 1019
687 993
688 857
689 896
690 1093
691 1030
692 1030
693 1058
694 937
695 861
696 1179
697 1110
698 918
699 820
700 999
701 999
702 1044
703 1036
704 1039
705 951
706 1147
707 1087
708 949
709 1025
710 975
711 969
712 979
713 1026
714 1052
715 990
716 1001
717 1018
718 1064
719 1031
720 1053
721 955
722 1039
723 996
724 1022
725 1006
726 998
727 960
728 1101
729 1031
730 1035
731 1018
732 1079
733 1072
734 1048
735 1043
736 1039
737 1017
738 1105
739 1101
740 1021
741 993
742 1123
743 1036
744 934
745 916
746 1021
747 1012
748 977
749 956
750 982
751 931
752 1028
753 1070
754 969
755 978
756 968
757 934
758 979
759 1028
760 1003
761 975
762 1044
763 1042
764 1101
765 1102
766 955
767 964
768 1060
769 1077
770 1021
771 952
772 917
773 830
774 1135
775 1081
776 898
777 952
778 1102
779 1009
780 1075
781 1009
782 870
783 968
784 1021
785 1012
786 919
787 897
788 962
789 923
790 1077
791 1031
792 990
793 1020
794 1009
795 1004
796 1113
797 1109
798 938
799 910
800 1004
801 1000
802 1019
803 947
804 980
805 965
806 1084
807 1125
808 956
809 979
810 1045
811 990
812 1052
813 988
814 937
815 956
816 989
817 957
818 932
819 979
820 1042
821 988
822 1022
823 1016
824 1090
825 1099
826 1032
827 943
828 1151
829 1099
830 979
831 965
832 970
833 949
834 1063
835 1098
836 1015
837 1007
838 1101
839 1076
840 1030
841 1053
842 963
843 1000
844 1005
845 886
846 1075
847 1047
848 1042
849 1056
850 1014
851 984
852 1023
853 1044
854 917
855 969
856 1118
857 1056
858 1052
859 1020
860 988
861 1030
862 1006
863 1049
864 1082
865 1072
866 1135
867 1028
868 1148
869 1083
870 1038
871 980
872 926
873 884
874 1066
875 1075
876 954
877 935
878 1069
879 1070
880 1000
881 1063
882 940
883 933
884 1045
885 1029
886 934
887 894
888 915
889 902
890 1050
891 1122
892 995
893 959
894 1028
895 948
896 1075
897 1087
898 934
899 916
900 1013
901 947
902 1085
903 1021
904 854
905 872
906 1029
907 1080
908 991
909 937
910 971
911 1007
912 1038
913 1033
914 829
915 822
916 991
917 983
918 971
919 961
920 980
921 1026
922 1023
923 1014
924 1072
925 1081
926 994
927 952
928 1050
929 1056
930 969
931 1008
932 987
933 1042
934 1067
935 1075
936 901
937 877
938 1039
939 1029
940 1087
941 1048
942 967
943 961
944 1077
945 1022
946 889
947 884
948 1023
949 1041
950 1024
951 1032
952 1034
953 992
954 1009
955 1027
956 1031
957 1048
958 1006
959 976
960 936
961 1016
962 981
963 1036
964 1123
965 1027
966 1086
967 1070
968 952
969 998
970 1030
971 963
972 929
973 954
974 1080
975 1036
976 897
977 870
978 992
979 1067
980 1053
981 993
982 984
983 956
984 1170
985 1112
986 862
987 954
988 905
989 934
990 1039
991 1002
992 903
993 946
994 1108
995 1119
996 1088
997 1107
998 893
999 955
