0 205112
1 534
2 525
3 506
4 522
5 432
6 539
7 553
8 494
9 510
10 3050
11 476
12 497
13 538
14 495
15 526
16 544
17 539
18 550
19 519
20 3126
21 519
22 490
23 529
24 604
25 505
26 518
27 555
28 546
29 546
30 2896
31 527
32 532
33 485
34 513
35 520
36 553
37 533
38 529
39 549
40 3161
41 559
42 487
43 535
44 541
45 491
46 554
47 506
48 547
49 537
50 2967
51 545
52 551
53 578
54 510
55 514
56 617
57 601
58 561
59 540
60 3178
61 462
62 580
63 569
64 523
65 525
66 562
67 544
68 509
69 538
70 2957
71 542
72 547
73 507
74 489
75 542
76 477
77 525
78 541
79 488
80 3113
81 579
82 540
83 564
84 544
85 534
86 530
87 517
88 548
89 500
90 2997
91 570
92 532
93 525
94 602
95 538
96 547
97 561
98 548
99 548
100 4540
101 520
102 486
103 540
104 477
105 484
106 596
107 552
108 523
109 513
110 3036
111 499
112 519
113 582
114 479
115 502
116 540
117 553
118 491
119 498
120 3203
121 476
122 630
123 565
124 548
125 533
126 545
127 512
128 553
129 587
130 2985
131 478
132 476
133 526
134 565
135 567
136 509
137 485
138 541
139 551
140 3006
141 559
142 511
143 487
144 576
145 518
146 509
147 524
148 555
149 524
150 2989
151 549
152 540
153 557
154 556
155 552
156 574
157 572
158 555
159 518
160 3251
161 461
162 548
163 567
164 562
165 510
166 550
167 585
168 551
169 555
170 3147
171 499
172 539
173 539
174 550
175 521
176 526
177 579
178 563
179 568
180 3218
181 568
182 555
183 489
184 523
185 568
186 570
187 511
188 531
189 537
190 2880
191 620
192 493
193 492
194 559
195 603
196 559
197 566
198 534
199 513
200 4343
201 525
202 441
203 507
204 503
205 471
206 552
207 520
208 517
209 519
210 3012
211 532
212 591
213 542
214 488
215 504
216 564
217 569
218 536
219 556
220 3067
221 481
222 581
223 550
224 539
225 499
226 535
227 571
228 564
229 587
230 3058
231 498
232 519
233 534
234 479
235 527
236 491
237 493
238 557
239 566
240 3049
241 516
242 513
243 485
244 549
245 523
246 473
247 468
248 533
249 511
250 2941
251 515
252 532
253 516
254 588
255 558
256 497
257 477
258 515
259 544
260 3209
261 513
262 523
263 525
264 549
265 523
266 529
267 565
268 576
269 540
270 3002
271 553
272 532
273 585
274 500
275 528
276 556
277 527
278 585
279 534
280 3153
281 540
282 556
283 547
284 574
285 565
286 548
287 554
288 560
289 546
290 2859
291 525
292 501
293 549
294 615
295 569
296 534
297 510
298 554
299 543
300 4265
301 580
302 541
303 519
304 592
305 507
306 554
307 513
308 546
309 514
310 3055
311 577
312 549
313 558
314 476
315 518
316 556
317 546
318 546
319 502
320 3236
321 458
322 509
323 514
324 535
325 489
326 569
327 589
328 565
329 534
330 3094
331 487
332 507
333 494
334 519
335 525
336 520
337 533
338 539
339 564
340 3031
341 535
342 493
343 509
344 601
345 546
346 493
347 501
348 537
349 531
350 2823
351 526
352 501
353 484
354 466
355 592
356 512
357 535
358 507
359 542
360 3155
361 541
362 485
363 509
364 498
365 530
366 527
367 523
368 509
369 488
370 2962
371 520
372 527
373 591
374 493
375 556
376 543
377 579
378 476
379 525
380 3121
381 551
382 553
383 559
384 559
385 557
386 617
387 584
388 550
389 551
390 3019
391 562
392 539
393 504
394 491
395 555
396 527
397 524
398 549
399 550
400 4317
401 586
402 497
403 517
404 500
405 553
406 515
407 523
408 533
409 495
410 2933
411 623
412 504
413 575
414 544
415 487
416 619
417 588
418 518
419 529
420 3191
421 487
422 564
423 539
424 533
425 501
426 589
427 601
428 540
429 548
430 3000
431 486
432 560
433 601
434 515
435 486
436 468
437 487
438 527
439 548
440 3160
441 510
442 605
443 544
444 550
445 576
446 492
447 501
448 576
449 504
450 2960
451 523
452 486
453 490
454 550
455 517
456 527
457 515
458 562
459 502
460 3115
461 524
462 470
463 492
464 518
465 545
466 547
467 524
468 534
469 527
470 3030
471 580
472 546
473 590
474 593
475 533
476 558
477 584
478 527
479 507
480 3224
481 553
482 550
483 504
484 518
485 532
486 590
487 603
488 521
489 553
490 3121
491 484
492 509
493 469
494 526
495 536
496 589
497 565
498 526
499 568
500 4256
501 569
502 457
503 467
504 625
505 571
506 544
507 507
508 532
509 487
510 2860
511 549
512 559
513 556
514 569
515 560
516 574
517 565
518 543
519 553
520 3035
521 564
522 548
523 556
524 511
525 485
526 598
527 541
528 557
529 522
530 2904
531 515
532 606
533 518
534 505
535 499
536 589
537 533
538 553
539 541
540 3076
541 498
542 542
543 569
544 547
545 555
546 536
547 575
548 492
549 573
550 2880
551 553
552 461
553 493
554 529
555 556
556 520
557 526
558 571
559 525
560 3046
561 545
562 493
563 513
564 519
565 537
566 517
567 507
568 529
569 497
570 2905
571 543
572 549
573 514
574 555
575 518
576 506
577 625
578 536
579 500
580 3140
581 512
582 532
583 507
584 494
585 518
586 565
587 544
588 529
589 560
590 3227
591 533
592 495
593 502
594 490
595 472
596 513
597 534
598 519
599 541
600 4243
601 516
602 549
603 571
604 550
605 575
606 533
607 564
608 533
609 545
610 2928
611 534
612 522
613 590
614 496
615 564
616 526
617 509
618 524
619 537
620 3102
621 515
622 569
623 558
624 535
625 497
626 492
627 507
628 564
629 550
630 2938
631 507
632 560
633 545
634 484
635 528
636 535
637 601
638 533
639 526
640 3176
641 505
642 582
643 581
644 554
645 524
646 570
647 529
648 575
649 530
650 3217
651 481
652 506
653 472
654 541
655 535
656 475
657 509
658 539
659 575
660 3086
661 544
662 466
663 492
664 610
665 539
666 519
667 461
668 517
669 539
670 2891
671 572
672 490
673 487
674 601
675 573
676 523
677 544
678 495
679 516
680 3178
681 512
682 482
683 479
684 511
685 495
686 542
687 552
688 508
689 510
690 3113
691 498
692 532
693 581
694 507
695 471
696 596
697 561
698 513
699 485
700 4534
701 550
702 532
703 550
704 613
705 537
706 552
707 534
708 488
709 521
710 2974
711 521
712 515
713 535
714 550
715 559
716 558
717 573
718 575
719 526
720 3110
721 566
722 503
723 522
724 511
725 513
726 524
727 527
728 554
729 545
730 2950
731 525
732 594
733 548
734 523
735 516
736 520
737 565
738 561
739 565
740 3213
741 480
742 621
743 560
744 492
745 510
746 554
747 540
748 541
749 546
750 3004
751 490
752 517
753 533
754 504
755 546
756 504
757 492
758 539
759 560
760 3155
761 539
762 554
763 534
764 567
765 514
766 483
767 501
768 497
769 563
770 2972
771 520
772 502
773 451
774 588
775 587
776 532
777 567
778 522
779 540
780 3254
781 523
782 486
783 532
784 502
785 571
786 488
787 535
788 531
789 523
790 3024
791 552
792 540
793 574
794 518
795 540
796 538
797 548
798 549
799 539
800 4367
801 538
802 563
803 510
804 553
805 548
806 546
807 583
808 515
809 543
810 3085
811 483
812 515
813 486
814 546
815 597
816 511
817 509
818 485
819 576
820 3061
821 518
822 505
823 496
824 556
825 567
826 507
827 497
828 600
829 550
830 2983
831 527
832 553
833 518
834 580
835 583
836 561
837 558
838 540
839 574
840 3171
841 516
842 541
843 539
844 527
845 491
846 537
847 568
848 596
849 588
850 3051
851 528
852 495
853 534
854 509
855 540
856 534
857 569
858 597
859 582
860 3135
861 560
862 515
863 528
864 593
865 541
866 560
867 550
868 552
869 607
870 2968
871 578
872 506
873 474
874 603
875 566
876 514
877 535
878 518
879 535
880 3002
881 572
882 485
883 501
884 469
885 536
886 532
887 475
888 473
889 489
890 2878
891 632
892 553
893 532
894 508
895 470
896 553
897 607
898 490
899 470
900 4471
901 522
902 583
903 576
904 518
905 488
906 591
907 561
908 545
909 517
910 3112
911 490
912 533
913 509
914 517
915 489
916 506
917 530
918 548
919 519
920 3148
921 549
922 518
923 524
924 567
925 586
926 533
927 540
928 500
929 549
930 2934
931 541
932 529
933 541
934 561
935 527
936 512
937 478
938 533
939 531
940 3119
941 537
942 535
943 536
944 563
945 505
946 519
947 508
948 533
949 574
950 3112
951 523
952 592
953 559
954 499
955 510
956 542
957 530
958 553
959 531
960 3172
961 510
962 520
963 562
964 565
965 580
966 524
967 558
968 547
969 542
970 3104
971 523
972 448
973 507
974 625
975 565
976 497
977 487
978 519
979 578
980 3034
981 527
982 480
983 446
984 587
985 545
986 508
987 556
988 459
989 506
990 2933
991 545
992 479
993 564
994 575
995 527
996 581
997 599
998 464
999 509
