0 0.0000012
10000 0.0016618
20000 0.0021394
30000 0.0024852
40000 0.0032652
50000 0.0041136
60000 0.0050936
70000 0.0060090
80000 0.0067880
90000 0.0078712
100000 0.0089274
110000 0.0098218
120000 0.0108468
130000 0.0130834
140000 0.0137212
150000 0.0146318
160000 0.0152542
170000 0.0158868
180000 0.0171476
190000 0.0182074
200000 0.0183740
210000 0.0193628
220000 0.0202090
230000 0.0211048
240000 0.0227154
250000 0.0232056
260000 0.0244266
270000 0.0251598
280000 0.0262740
290000 0.0270670
300000 0.0286574
310000 0.0293176
320000 0.0301262
330000 0.0322868
340000 0.0331032
350000 0.0334024
360000 0.0343334
370000 0.0355348
380000 0.0361980
390000 0.0373434
400000 0.0382290
410000 0.0395692
420000 0.0451706
430000 0.0430050
440000 0.0430738
450000 0.0440028
460000 0.0439522
470000 0.0457970
480000 0.0460178
490000 0.0485078
500000 0.0479770
510000 0.0509056
520000 0.0511350
530000 0.0516418
540000 0.0527060
550000 0.0554948
560000 0.0545334
570000 0.0586714
580000 0.0607612
590000 0.0597816
600000 0.0587774
610000 0.0613722
620000 0.0618578
630000 0.0630326
640000 0.0632458
650000 0.0640778
660000 0.0656962
670000 0.0668542
680000 0.0681126
690000 0.0692152
700000 0.0771820
710000 0.0730890
720000 0.0718674
730000 0.0720830
740000 0.0746856
750000 0.0756154
760000 0.0769164
770000 0.0770226
780000 0.0827830
790000 0.0794806
800000 0.0845744
810000 0.0849942
820000 0.0846594
830000 0.0851870
840000 0.0861910
850000 0.0868468
860000 0.0885650
870000 0.0896568
880000 0.0887986
890000 0.0932810
900000 0.0928870
910000 0.0935866
920000 0.0921432
930000 0.0937254
940000 0.0953426
950000 0.0973150
960000 0.0981586
970000 0.1010062
980000 0.1035202
990000 0.1003888
1000000 0.1024250
