0 0.000002
10000 0.001771
20000 0.002185
30000 0.002687
40000 0.003506
50000 0.004431
60000 0.005396
70000 0.006182
80000 0.007075
90000 0.008070
100000 0.009067
110000 0.010341
120000 0.011537
130000 0.012357
140000 0.013333
150000 0.014152
160000 0.017383
170000 0.017555
180000 0.018462
190000 0.018299
200000 0.019643
210000 0.020644
220000 0.020743
230000 0.021853
240000 0.023410
250000 0.024637
260000 0.024833
270000 0.025862
280000 0.027581
290000 0.027705
300000 0.029907
310000 0.031847
320000 0.031467
330000 0.032586
340000 0.032896
350000 0.035299
360000 0.035329
370000 0.036764
380000 0.037994
390000 0.037910
400000 0.039324
410000 0.041377
420000 0.043799
430000 0.047036
440000 0.044948
450000 0.045387
460000 0.046776
470000 0.046873
480000 0.048054
490000 0.048572
500000 0.049764
510000 0.050644
520000 0.051668
530000 0.053087
540000 0.053822
550000 0.054744
560000 0.057556
570000 0.058204
580000 0.063864
590000 0.062010
600000 0.061215
610000 0.061389
620000 0.064385
630000 0.063089
640000 0.064895
650000 0.065843
660000 0.066874
670000 0.068098
680000 0.069552
690000 0.070571
700000 0.077552
710000 0.076492
720000 0.074460
730000 0.074742
740000 0.076952
750000 0.077259
760000 0.077986
770000 0.078899
780000 0.079731
790000 0.080740
800000 0.082032
810000 0.090052
820000 0.085309
830000 0.088539
840000 0.087270
850000 0.088767
860000 0.089437
870000 0.089895
880000 0.090628
890000 0.091573
900000 0.101348
910000 0.095728
920000 0.096099
930000 0.095983
940000 0.098199
950000 0.098473
960000 0.099609
970000 0.100174
980000 0.109306
990000 0.107189
1000000 0.103728
