0 0.0000002
10000 0.0009930
20000 0.0019510
30000 0.0034472
40000 0.0041186
50000 0.0052902
60000 0.0062992
70000 0.0074286
80000 0.0086436
90000 0.0097760
100000 0.0109584
110000 0.0126968
120000 0.0140086
130000 0.0153422
140000 0.0167296
150000 0.0172136
160000 0.0184548
170000 0.0202924
180000 0.0212340
190000 0.0217710
200000 0.0230062
210000 0.0248234
220000 0.0254926
230000 0.0272690
240000 0.0287524
250000 0.0286512
260000 0.0295144
270000 0.0306178
280000 0.0320336
290000 0.0342018
300000 0.0351754
310000 0.0356268
320000 0.0372498
330000 0.0383458
340000 0.0401662
350000 0.0407080
360000 0.0412326
370000 0.0427332
380000 0.0438622
390000 0.0448720
400000 0.0527148
410000 0.0513132
420000 0.0518288
430000 0.0520222
440000 0.0522756
450000 0.0525472
460000 0.0538800
470000 0.0554194
480000 0.0562602
490000 0.0629420
500000 0.0594992
510000 0.0633648
520000 0.0616152
530000 0.0622960
540000 0.0633074
550000 0.0682856
560000 0.0710466
570000 0.0707450
580000 0.0691768
590000 0.0709482
600000 0.0716210
610000 0.0736858
620000 0.0735684
630000 0.0760900
640000 0.0768054
650000 0.0774188
660000 0.0799374
670000 0.0825622
680000 0.0906926
690000 0.0870200
700000 0.0894752
710000 0.0867272
720000 0.0871546
730000 0.0901676
740000 0.0903670
750000 0.0925120
760000 0.0933856
770000 0.0996580
780000 0.1001986
790000 0.0999416
800000 0.0998592
810000 0.1004740
820000 0.0991866
830000 0.1009750
840000 0.1033484
850000 0.1049328
860000 0.1136836
870000 0.1114476
880000 0.1093934
890000 0.1120774
900000 0.1131322
910000 0.1121056
920000 0.1181918
930000 0.1163966
940000 0.1258022
950000 0.1206016
960000 0.1177082
970000 0.1190234
980000 0.1244316
990000 0.1246956
1000000 0.1235730
