0 0.0000008
10000 0.0008716
20000 0.0018292
30000 0.0027920
40000 0.0038244
50000 0.0047334
60000 0.0058256
70000 0.0067604
80000 0.0078254
90000 0.0089040
100000 0.0100908
110000 0.0110444
120000 0.0122172
130000 0.0130950
140000 0.0140762
150000 0.0154624
160000 0.0164176
170000 0.0173046
180000 0.0190296
190000 0.0197902
200000 0.0201560
210000 0.0206646
220000 0.0217184
230000 0.0224080
240000 0.0238846
250000 0.0251072
260000 0.0260660
270000 0.0270180
280000 0.0321368
290000 0.0295170
300000 0.0300412
310000 0.0311832
320000 0.0322676
330000 0.0329900
340000 0.0358870
350000 0.0379952
360000 0.0386000
370000 0.0398674
380000 0.0418716
390000 0.0433492
400000 0.0448644
410000 0.0443856
420000 0.0460064
430000 0.0469820
440000 0.0497704
450000 0.0485578
460000 0.0492430
470000 0.0502532
480000 0.0563146
490000 0.0550334
500000 0.0546732
510000 0.0560622
520000 0.0568064
530000 0.0592986
540000 0.0598382
550000 0.0641372
560000 0.0616740
570000 0.0635584
580000 0.0645786
590000 0.0638416
600000 0.0645544
610000 0.0668556
620000 0.0688392
630000 0.0683506
640000 0.0703102
650000 0.0716836
660000 0.0731960
670000 0.0753442
680000 0.0798854
690000 0.0766054
700000 0.0771210
710000 0.0758590
720000 0.0792236
730000 0.0786634
740000 0.0798422
750000 0.0825648
760000 0.0852220
770000 0.0879158
780000 0.0931828
790000 0.0887662
800000 0.0899912
810000 0.0872874
820000 0.0897376
830000 0.0892350
840000 0.0909958
850000 0.0912584
860000 0.0968194
870000 0.1000718
880000 0.0956644
890000 0.0961396
900000 0.0973818
910000 0.0987460
920000 0.0988334
930000 0.0997304
940000 0.1033074
950000 0.1084850
960000 0.1027222
970000 0.1047222
980000 0.1057758
990000 0.1059420
1000000 0.1070716
