0 981
1 964
2 994
3 974
4 967
5 1001
6 959
7 1016
8 978
9 991
10 958
11 1025
12 994
13 1007
14 990
15 994
16 1034
17 1021
18 1078
19 1030
20 1016
21 983
22 1050
23 993
24 1008
25 985
26 961
27 1045
28 995
29 1016
30 968
31 965
32 975
33 993
34 996
35 945
36 1019
37 1006
38 983
39 968
40 1043
41 1041
42 1031
43 960
44 970
45 1023
46 1001
47 977
48 1011
49 1007
50 1002
51 1076
52 1055
53 1026
54 1020
55 1024
56 1027
57 999
58 1006
59 981
60 988
61 1020
62 1004
63 945
64 986
65 1023
66 976
67 973
68 1028
69 945
70 991
71 963
72 997
73 953
74 978
75 1021
76 1035
77 1023
78 1000
79 1035
80 971
81 974
82 1015
83 974
84 998
85 1009
86 1035
87 946
88 1004
89 1018
90 947
91 974
92 968
93 997
94 984
95 994
96 989
97 971
98 1036
99 976
100 1030
101 989
102 927
103 1060
104 977
105 978
106 1003
107 969
108 997
109 1030
110 1012
111 1014
112 1022
113 947
114 1057
115 990
116 1028
117 1010
118 997
119 1062
120 1009
121 991
122 986
123 914
124 971
125 974
126 1017
127 1044
128 1003
129 999
130 1017
131 1036
132 980
133 976
134 992
135 1036
136 1009
137 1002
138 1054
139 1006
140 1044
141 988
142 992
143 1069
144 1006
145 959
146 1032
147 1051
148 1000
149 1010
150 1012
151 979
152 1021
153 982
154 994
155 1062
156 1012
157 980
158 1009
159 985
160 1021
161 1016
162 1059
163 981
164 1015
165 1005
166 966
167 1044
168 983
169 1025
170 1001
171 1019
172 1005
173 993
174 962
175 928
176 988
177 1010
178 985
179 1014
180 1013
181 991
182 992
183 1025
184 1036
185 1002
186 959
187 1010
188 980
189 1019
190 1039
191 996
192 949
193 934
194 983
195 1053
196 935
197 1025
198 990
199 1001
200 939
201 1032
202 905
203 1026
204 1007
205 956
206 991
207 996
208 1039
209 1015
210 986
211 968
212 976
213 1024
214 1000
215 986
216 1092
217 1027
218 993
219 995
220 1035
221 1003
222 1010
223 931
224 1005
225 999
226 986
227 987
228 935
229 1058
230 984
231 1027
232 982
233 1031
234 970
235 996
236 956
237 1066
238 1091
239 992
240 957
241 997
242 1014
243 1023
244 1051
245 984
246 988
247 987
248 991
249 1039
250 999
251 968
252 1010
253 1005
254 985
255 1012
256 999
257 1029
258 985
259 969
260 963
261 967
262 1008
263 1064
264 1009
265 934
266 988
267 928
268 1028
269 1051
270 1005
271 1010
272 1045
273 993
274 1014
275 1034
276 991
277 986
278 972
279 948
280 1083
281 980
282 971
283 992
284 979
285 964
286 987
287 995
288 1001
289 1014
290 1053
291 1033
292 985
293 993
294 989
295 944
296 991
297 1012
298 1026
299 995
300 950
301 1004
302 915
303 1022
304 994
305 1066
306 991
307 1024
308 996
309 944
310 990
311 1000
312 985
313 1034
314 972
315 978
316 1027
317 1026
318 1101
319 986
320 1023
321 1014
322 968
323 952
324 993
325 1006
326 989
327 1043
328 980
329 1024
330 973
331 974
332 984
333 1015
334 969
335 1038
336 1022
337 1047
338 1035
339 1018
340 983
341 942
342 1032
343 968
344 984
345 1025
346 991
347 990
348 1015
349 999
350 1009
351 1013
352 1013
353 1042
354 975
355 964
356 1055
357 1025
358 995
359 976
360 985
361 974
362 940
363 961
364 972
365 977
366 1052
367 968
368 1041
369 984
370 981
371 1039
372 981
373 979
374 1057
375 972
376 1034
377 1023
378 955
379 971
380 1005
381 1035
382 1054
383 1005
384 1055
385 1039
386 1046
387 1100
388 1008
389 1034
390 1012
391 994
392 1046
393 1054
394 1012
395 985
396 1013
397 1009
398 1001
399 1070
400 1013
401 987
402 974
403 956
404 1000
405 1023
406 1025
407 1042
408 983
409 1017
410 997
411 985
412 1020
413 978
414 966
415 1037
416 1010
417 1022
418 1039
419 1001
420 1034
421 947
422 1005
423 977
424 1038
425 1002
426 1001
427 1052
428 1010
429 1039
430 993
431 980
432 1013
433 1021
434 921
435 930
436 1034
437 1037
438 1024
439 962
440 967
441 961
442 1003
443 999
444 1011
445 1040
446 1000
447 1030
448 994
449 994
450 1013
451 987
452 996
453 998
454 971
455 979
456 1028
457 1040
458 995
459 977
460 961
461 1008
462 1003
463 1033
464 996
465 966
466 981
467 1010
468 992
469 1015
470 960
471 972
472 1024
473 1018
474 973
475 1016
476 962
477 986
478 1048
479 971
480 993
481 1015
482 972
483 1023
484 989
485 956
486 1058
487 1023
488 991
489 976
490 1014
491 982
492 958
493 988
494 1015
495 1006
496 1016
497 1033
498 1014
499 962
500 1059
501 1035
502 1021
503 1022
504 1008
505 1021
506 1028
507 1002
508 1020
509 1017
510 1002
511 968
512 1012
513 970
514 1039
515 1008
516 999
517 1029
518 975
519 1028
520 993
521 952
522 1003
523 988
524 973
525 1012
526 970
527 1006
528 985
529 1036
530 976
531 1021
532 997
533 982
534 1054
535 1016
536 1039
537 1006
538 1041
539 1000
540 1012
541 1023
542 1028
543 1044
544 961
545 994
546 982
547 985
548 945
549 963
550 976
551 1042
552 1024
553 1018
554 920
555 1001
556 969
557 956
558 1019
559 986
560 1039
561 988
562 978
563 1080
564 1049
565 1043
566 1004
567 903
568 988
569 998
570 950
571 1005
572 1034
573 987
574 1006
575 1000
576 969
577 1011
578 1013
579 978
580 928
581 978
582 1001
583 1029
584 986
585 1015
586 964
587 1001
588 991
589 1005
590 939
591 1010
592 1022
593 1045
594 999
595 1036
596 981
597 1045
598 935
599 1053
600 1020
601 933
602 968
603 1000
604 1004
605 1006
606 1034
607 1006
608 969
609 1012
610 1018
611 966
612 971
613 993
614 1034
615 965
616 1009
617 1049
618 996
619 1019
620 948
621 1018
622 984
623 1003
624 997
625 1030
626 1044
627 1003
628 984
629 994
630 957
631 986
632 1074
633 1000
634 935
635 981
636 968
637 1044
638 1025
639 992
640 988
641 1026
642 1005
643 1012
644 995
645 993
646 984
647 958
648 955
649 988
650 985
651 942
652 968
653 1021
654 983
655 1013
656 1005
657 976
658 1027
659 1039
660 1029
661 997
662 1038
663 993
664 997
665 983
666 1016
667 995
668 1029
669 980
670 1009
671 948
672 982
673 927
674 1006
675 975
676 1014
677 950
678 993
679 970
680 1052
681 945
682 985
683 987
684 985
685 1040
686 1022
687 1025
688 999
689 1009
690 986
691 1008
692 1000
693 981
694 950
695 1029
696 942
697 974
698 945
699 1014
700 1017
701 1005
702 991
703 989
704 997
705 1017
706 1003
707 1005
708 984
709 978
710 932
711 1028
712 1034
713 986
714 1040
715 998
716 948
717 987
718 1040
719 977
720 981
721 967
722 988
723 1022
724 1023
725 1014
726 975
727 996
728 1000
729 980
730 978
731 983
732 1080
733 1022
734 965
735 1020
736 1047
737 1026
738 1042
739 1030
740 962
741 1012
742 922
743 964
744 1021
745 975
746 1008
747 965
748 1047
749 1023
750 1034
751 986
752 978
753 950
754 990
755 938
756 964
757 953
758 995
759 1001
760 1029
761 964
762 1018
763 996
764 946
765 998
766 962
767 1019
768 1050
769 1045
770 1036
771 1002
772 1003
773 961
774 980
775 999
776 1012
777 928
778 948
779 943
780 983
781 990
782 1006
783 1029
784 971
785 980
786 952
787 1040
788 1015
789 991
790 1003
791 1026
792 986
793 999
794 1002
795 1070
796 962
797 982
798 1007
799 958
800 987
801 998
802 1049
803 982
804 995
805 973
806 1026
807 1024
808 1021
809 1082
810 1030
811 965
812 1033
813 1000
814 1007
815 988
816 974
817 1076
818 970
819 1023
820 978
821 1022
822 979
823 959
824 975
825 993
826 963
827 1019
828 1002
829 998
830 1018
831 973
832 1006
833 950
834 912
835 999
836 976
837 958
838 947
839 996
840 1017
841 1054
842 966
843 1008
844 993
845 1060
846 995
847 981
848 983
849 974
850 1045
851 1037
852 998
853 948
854 999
855 1008
856 980
857 1055
858 991
859 1065
860 961
861 1022
862 955
863 1015
864 1021
865 1003
866 1051
867 1035
868 1015
869 1038
870 1038
871 999
872 1005
873 1023
874 986
875 1047
876 1012
877 997
878 1006
879 1020
880 1020
881 1047
882 1018
883 990
884 1020
885 983
886 936
887 1056
888 1055
889 1054
890 981
891 957
892 1055
893 1020
894 1040
895 1016
896 999
897 1038
898 983
899 990
900 999
901 1056
902 996
903 1014
904 1057
905 1015
906 992
907 975
908 990
909 1005
910 1016
911 1005
912 1016
913 1008
914 1022
915 950
916 1022
917 952
918 993
919 1037
920 960
921 1022
922 987
923 999
924 994
925 977
926 1011
927 994
928 957
929 992
930 999
931 1036
932 1010
933 978
934 996
935 990
936 993
937 986
938 996
939 972
940 939
941 1026
942 1030
943 998
944 978
945 1021
946 974
947 1040
948 1003
949 955
950 1025
951 1012
952 984
953 964
954 1037
955 965
956 1014
957 929
958 975
959 983
960 1000
961 942
962 998
963 984
964 975
965 1000
966 1011
967 999
968 1039
969 1072
970 1038
971 992
972 971
973 1058
974 1018
975 991
976 1066
977 1060
978 1053
979 975
980 1017
981 978
982 1011
983 1027
984 980
985 1005
986 989
987 977
988 933
989 989
990 1004
991 968
992 1004
993 1026
994 1032
995 983
996 1003
997 979
998 973
999 951
