0 943
1 966
2 992
3 955
4 1008
5 1010
6 988
7 981
8 1032
9 964
10 998
11 1020
12 989
13 986
14 945
15 988
16 980
17 1034
18 1015
19 1015
20 1022
21 1027
22 1049
23 997
24 989
25 1016
26 972
27 1038
28 984
29 1008
30 1023
31 976
32 1016
33 1009
34 1017
35 983
36 1031
37 1018
38 1031
39 1018
40 994
41 982
42 1015
43 991
44 971
45 1040
46 1018
47 1055
48 978
49 1003
50 967
51 1024
52 1023
53 970
54 1001
55 952
56 1036
57 1011
58 1011
59 972
60 995
61 977
62 1050
63 977
64 1015
65 999
66 992
67 1018
68 986
69 977
70 990
71 982
72 1014
73 1011
74 1029
75 986
76 990
77 996
78 1030
79 972
80 971
81 995
82 925
83 1015
84 1038
85 1002
86 1009
87 1013
88 987
89 999
90 1019
91 1011
92 940
93 1012
94 968
95 1023
96 1022
97 1032
98 1018
99 1035
100 1045
101 1029
102 928
103 1028
104 993
105 1027
106 1012
107 982
108 1022
109 994
110 1013
111 1044
112 1072
113 1033
114 1036
115 1022
116 1013
117 991
118 933
119 1038
120 1037
121 1036
122 1014
123 1013
124 1015
125 1028
126 997
127 1028
128 981
129 984
130 994
131 1010
132 1015
133 1025
134 991
135 1049
136 1043
137 1050
138 1017
139 1003
140 952
141 977
142 1011
143 996
144 1001
145 967
146 975
147 985
148 1049
149 983
150 1015
151 1027
152 994
153 1037
154 1041
155 1031
156 1010
157 1039
158 1003
159 1028
160 1025
161 1020
162 1000
163 1022
164 1018
165 998
166 1018
167 1008
168 1053
169 986
170 994
171 1012
172 929
173 1025
174 966
175 1018
176 977
177 968
178 975
179 949
180 998
181 1014
182 1069
183 1046
184 1018
185 1059
186 1011
187 990
188 995
189 1007
190 989
191 1040
192 962
193 1010
194 1013
195 1033
196 1091
197 964
198 1012
199 1018
200 1003
201 1002
202 1015
203 1005
204 993
205 955
206 1022
207 999
208 1043
209 1017
210 954
211 1012
212 1016
213 976
214 989
215 994
216 929
217 956
218 1024
219 974
220 1002
221 1078
222 987
223 1006
224 1024
225 959
226 1049
227 982
228 948
229 974
230 971
231 952
232 1002
233 981
234 1015
235 992
236 960
237 1018
238 994
239 1004
240 977
241 997
242 1118
243 966
244 1024
245 1052
246 972
247 983
248 998
249 996
250 948
251 977
252 981
253 962
254 960
255 1026
256 945
257 956
258 1000
259 949
260 1013
261 984
262 982
263 999
264 953
265 1033
266 965
267 1003
268 971
269 1014
270 958
271 1027
272 1011
273 985
274 982
275 1007
276 1002
277 1001
278 1016
279 1024
280 1013
281 991
282 988
283 1021
284 993
285 1028
286 1023
287 999
288 1020
289 1005
290 1021
291 949
292 1001
293 958
294 940
295 986
296 992
297 1008
298 991
299 1031
300 974
301 997
302 1032
303 1007
304 1024
305 1005
306 953
307 1000
308 979
309 990
310 1036
311 977
312 1030
313 989
314 965
315 1011
316 986
317 974
318 1001
319 996
320 1057
321 983
322 997
323 988
324 973
325 943
326 1019
327 972
328 1015
329 1027
330 1007
331 1029
332 994
333 1020
334 984
335 1010
336 950
337 1023
338 993
339 981
340 988
341 977
342 1006
343 967
344 969
345 1039
346 1021
347 928
348 996
349 985
350 1022
351 986
352 998
353 1009
354 1035
355 990
356 983
357 1034
358 995
359 993
360 1046
361 1035
362 978
363 1014
364 1000
365 1049
366 964
367 951
368 1001
369 1000
370 1016
371 1023
372 1020
373 1004
374 987
375 1022
376 957
377 1010
378 1028
379 969
380 956
381 978
382 1033
383 1043
384 1029
385 987
386 1066
387 995
388 984
389 975
390 1027
391 999
392 1063
393 1015
394 1023
395 1009
396 981
397 992
398 959
399 1034
400 1004
401 991
402 1021
403 1000
404 973
405 1006
406 995
407 992
408 1021
409 1002
410 1003
411 1006
412 982
413 1021
414 1039
415 1047
416 994
417 1008
418 1060
419 979
420 1008
421 976
422 1029
423 1018
424 994
425 1006
426 1026
427 1030
428 1022
429 975
430 1072
431 1033
432 959
433 991
434 1002
435 915
436 930
437 1021
438 930
439 972
440 1020
441 1012
442 1019
443 972
444 1029
445 1004
446 976
447 966
448 993
449 993
450 1035
451 924
452 991
453 957
454 989
455 989
456 989
457 964
458 1009
459 951
460 1045
461 974
462 987
463 1014
464 973
465 1056
466 1014
467 992
468 987
469 1015
470 982
471 1001
472 987
473 1015
474 982
475 990
476 1080
477 1024
478 973
479 1053
480 1004
481 982
482 1052
483 988
484 1003
485 1043
486 994
487 991
488 1019
489 1007
490 1031
491 967
492 982
493 976
494 945
495 1000
496 1043
497 960
498 1035
499 995
500 1056
501 1031
502 1053
503 989
504 1005
505 975
506 1018
507 1022
508 982
509 958
510 1039
511 1018
512 959
513 1007
514 984
515 962
516 1046
517 993
518 978
519 991
520 1003
521 991
522 952
523 1008
524 987
525 997
526 972
527 1034
528 933
529 1030
530 1019
531 1026
532 992
533 965
534 1019
535 952
536 1054
537 1008
538 1005
539 992
540 982
541 995
542 994
543 1015
544 966
545 1044
546 1011
547 1015
548 1067
549 1002
550 1027
551 1040
552 1010
553 1044
554 992
555 1004
556 1003
557 981
558 1068
559 1006
560 1004
561 1011
562 1024
563 1038
564 995
565 979
566 1021
567 1017
568 962
569 986
570 1018
571 893
572 994
573 975
574 987
575 981
576 1019
577 982
578 1010
579 980
580 1012
581 1012
582 1026
583 997
584 993
585 1023
586 1086
587 1028
588 1070
589 980
590 960
591 1007
592 987
593 985
594 1003
595 999
596 1005
597 997
598 951
599 967
600 988
601 990
602 980
603 1052
604 1027
605 967
606 995
607 937
608 1007
609 1014
610 1035
611 982
612 980
613 1004
614 976
615 925
616 1019
617 990
618 939
619 965
620 964
621 974
622 964
623 1036
624 968
625 1049
626 984
627 1061
628 997
629 1035
630 972
631 1024
632 958
633 982
634 1024
635 982
636 1085
637 1026
638 1004
639 968
640 1014
641 999
642 970
643 951
644 1006
645 1009
646 986
647 960
648 993
649 1012
650 1009
651 1018
652 985
653 1049
654 971
655 952
656 1003
657 961
658 963
659 989
660 994
661 1000
662 1027
663 1045
664 1026
665 970
666 1005
667 976
668 1065
669 1011
670 1031
671 1009
672 979
673 980
674 1023
675 966
676 955
677 1046
678 988
679 1032
680 969
681 945
682 1030
683 1009
684 1072
685 963
686 999
687 956
688 1081
689 1023
690 1034
691 1039
692 997
693 982
694 968
695 1006
696 999
697 981
698 1009
699 1003
700 1035
701 1016
702 1007
703 988
704 966
705 973
706 1001
707 1021
708 1040
709 1029
710 1000
711 1012
712 1086
713 1004
714 1003
715 1009
716 1053
717 964
718 1015
719 1064
720 983
721 995
722 1012
723 1010
724 1050
725 985
726 985
727 993
728 947
729 1062
730 1029
731 1012
732 1028
733 951
734 1000
735 980
736 1024
737 966
738 965
739 988
740 1007
741 980
742 996
743 1070
744 1009
745 951
746 1015
747 952
748 1054
749 988
750 988
751 997
752 1025
753 979
754 1062
755 960
756 1027
757 1015
758 984
759 982
760 991
761 1009
762 1023
763 1050
764 1030
765 984
766 947
767 999
768 1053
769 1002
770 1024
771 1023
772 967
773 942
774 1023
775 1024
776 976
777 962
778 1011
779 1006
780 1033
781 922
782 967
783 1031
784 1029
785 984
786 955
787 973
788 991
789 1019
790 967
791 992
792 1001
793 1055
794 982
795 1047
796 920
797 959
798 970
799 1018
800 1039
801 942
802 1018
803 971
804 1013
805 983
806 1059
807 990
808 1068
809 1004
810 1042
811 1060
812 1011
813 1029
814 988
815 963
816 992
817 1019
818 999
819 964
820 1041
821 966
822 1029
823 963
824 1005
825 965
826 1000
827 996
828 974
829 989
830 1027
831 1000
832 996
833 992
834 996
835 1002
836 1034
837 945
838 950
839 969
840 1035
841 1034
842 987
843 975
844 970
845 988
846 1004
847 1022
848 1015
849 929
850 986
851 973
852 996
853 1022
854 1017
855 999
856 952
857 1014
858 1072
859 996
860 1019
861 1013
862 964
863 968
864 991
865 964
866 989
867 1017
868 981
869 1042
870 955
871 984
872 986
873 1043
874 1002
875 1020
876 951
877 1019
878 1006
879 1027
880 920
881 979
882 1023
883 994
884 978
885 970
886 972
887 991
888 961
889 1008
890 1009
891 995
892 985
893 1064
894 996
895 986
896 1025
897 953
898 1012
899 1013
900 971
901 1068
902 1010
903 1026
904 1011
905 994
906 991
907 1000
908 969
909 1029
910 1018
911 988
912 1029
913 1031
914 1015
915 973
916 1001
917 968
918 969
919 1058
920 972
921 996
922 1018
923 1018
924 998
925 1007
926 982
927 1023
928 981
929 975
930 1057
931 987
932 1013
933 994
934 914
935 959
936 944
937 991
938 996
939 935
940 955
941 974
942 970
943 986
944 1036
945 1005
946 1020
947 1052
948 914
949 1016
950 1024
951 1033
952 1018
953 966
954 958
955 973
956 979
957 1001
958 1015
959 1007
960 970
961 1023
962 1000
963 982
964 932
965 989
966 955
967 982
968 1059
969 979
970 1007
971 1022
972 1003
973 967
974 929
975 962
976 982
977 981
978 966
979 1015
980 1016
981 1003
982 971
983 974
984 1021
985 1015
986 979
987 953
988 1024
989 983
990 978
991 996
992 1002
993 1012
994 995
995 1060
996 1018
997 966
998 1010
999 1020
