0 963
1 1073
2 994
3 952
4 962
5 985
6 998
7 1044
8 954
9 1020
10 941
11 1033
12 1000
13 999
14 1039
15 1006
16 1001
17 980
18 990
19 1002
20 996
21 1005
22 1019
23 1042
24 1010
25 1047
26 1050
27 951
28 1021
29 971
30 1019
31 956
32 1011
33 1032
34 1041
35 1010
36 1018
37 1008
38 1026
39 1057
40 967
41 1024
42 969
43 950
44 997
45 951
46 1055
47 1000
48 1017
49 1045
50 948
51 967
52 1019
53 988
54 951
55 979
56 1001
57 977
58 1001
59 1021
60 968
61 1081
62 1073
63 1039
64 1026
65 972
66 974
67 990
68 986
69 1008
70 988
71 1010
72 1000
73 994
74 1041
75 977
76 998
77 954
78 981
79 987
80 1025
81 985
82 1031
83 983
84 1015
85 984
86 990
87 971
88 989
89 1015
90 1038
91 1029
92 956
93 1010
94 1002
95 994
96 969
97 977
98 1037
99 1032
100 1002
101 999
102 1040
103 1006
104 961
105 1050
106 1016
107 1001
108 1017
109 952
110 1004
111 1022
112 991
113 979
114 994
115 1013
116 948
117 962
118 1055
119 987
120 949
121 1008
122 1045
123 970
124 974
125 987
126 1014
127 1027
128 1013
129 1019
130 993
131 967
132 1030
133 974
134 984
135 986
136 1001
137 973
138 1012
139 960
140 984
141 1013
142 1067
143 1060
144 1015
145 1025
146 929
147 1033
148 980
149 967
150 930
151 943
152 995
153 987
154 959
155 964
156 963
157 1023
158 1001
159 1054
160 984
161 964
162 1005
163 972
164 989
165 1010
166 1018
167 1066
168 991
169 1013
170 990
171 1008
172 1014
173 960
174 1021
175 989
176 1064
177 993
178 994
179 1014
180 1030
181 1030
182 1049
183 998
184 975
185 986
186 969
187 996
188 990
189 955
190 1017
191 975
192 989
193 1000
194 950
195 973
196 975
197 944
198 1032
199 982
200 992
201 1013
202 1007
203 979
204 966
205 956
206 915
207 1049
208 989
209 1084
210 973
211 1002
212 1056
213 983
214 1020
215 973
216 1056
217 1026
218 978
219 981
220 1025
221 958
222 986
223 950
224 937
225 1011
226 1013
227 1027
228 1008
229 1037
230 980
231 1017
232 1058
233 1011
234 962
235 1025
236 1011
237 1059
238 1004
239 1041
240 1033
241 1019
242 982
243 1032
244 994
245 977
246 1007
247 979
248 1048
249 1000
250 1006
251 966
252 1028
253 975
254 1060
255 970
256 969
257 1001
258 1006
259 1037
260 1016
261 1036
262 959
263 961
264 1037
265 962
266 1024
267 1017
268 1007
269 1033
270 1048
271 997
272 1005
273 1020
274 1024
275 1013
276 945
277 927
278 1006
279 919
280 1003
281 980
282 950
283 1015
284 1008
285 1019
286 965
287 1021
288 974
289 994
290 1047
291 1003
292 1015
293 1012
294 1031
295 963
296 990
297 971
298 1058
299 974
300 983
301 1004
302 948
303 979
304 965
305 1017
306 988
307 982
308 1028
309 999
310 1015
311 1020
312 972
313 1006
314 1009
315 1032
316 981
317 997
318 1094
319 1019
320 953
321 954
322 1017
323 947
324 1016
325 977
326 1010
327 1029
328 1041
329 1011
330 900
331 988
332 993
333 1011
334 958
335 941
336 1073
337 1025
338 976
339 1004
340 1026
341 1028
342 1011
343 1043
344 1031
345 1046
346 960
347 957
348 976
349 973
350 1033
351 956
352 977
353 961
354 998
355 979
356 968
357 935
358 1025
359 1031
360 950
361 981
362 1022
363 961
364 1000
365 943
366 979
367 944
368 970
369 1040
370 955
371 1038
372 995
373 1028
374 982
375 1016
376 960
377 990
378 992
379 1014
380 917
381 944
382 1046
383 986
384 1027
385 1001
386 982
387 997
388 948
389 1015
390 998
391 1003
392 996
393 996
394 978
395 989
396 976
397 996
398 1009
399 996
400 1025
401 1047
402 969
403 967
404 1038
405 1039
406 973
407 1008
408 964
409 1015
410 991
411 1009
412 1046
413 978
414 1020
415 947
416 1038
417 980
418 1003
419 973
420 966
421 993
422 1036
423 991
424 1005
425 1035
426 986
427 1006
428 994
429 984
430 976
431 989
432 981
433 987
434 974
435 1068
436 977
437 1021
438 1011
439 994
440 1027
441 982
442 1026
443 1038
444 1015
445 1042
446 982
447 1016
448 985
449 1022
450 1049
451 999
452 988
453 994
454 966
455 956
456 1018
457 1003
458 979
459 1034
460 968
461 1047
462 979
463 984
464 937
465 990
466 1083
467 1035
468 989
469 1051
470 989
471 1003
472 1039
473 988
474 968
475 979
476 982
477 942
478 950
479 1014
480 1039
481 990
482 996
483 969
484 983
485 1025
486 956
487 987
488 1033
489 966
490 989
491 1001
492 1024
493 974
494 925
495 1008
496 971
497 1020
498 1010
499 998
500 1008
501 1055
502 1003
503 1028
504 997
505 1030
506 946
507 973
508 978
509 1025
510 1030
511 999
512 1037
513 1025
514 964
515 982
516 1029
517 1010
518 1024
519 1006
520 1023
521 927
522 984
523 1009
524 1022
525 1000
526 990
527 982
528 1034
529 999
530 995
531 994
532 1061
533 1006
534 1053
535 1013
536 1021
537 1032
538 1039
539 965
540 940
541 1035
542 996
543 1003
544 972
545 1024
546 1044
547 1009
548 1028
549 1013
550 982
551 969
552 1050
553 968
554 995
555 991
556 1016
557 1019
558 1021
559 1020
560 945
561 1035
562 955
563 996
564 977
565 975
566 985
567 979
568 1014
569 1015
570 918
571 1017
572 924
573 989
574 1006
575 1018
576 991
577 1017
578 971
579 1024
580 995
581 1040
582 1010
583 1003
584 1052
585 1033
586 1026
587 998
588 977
589 1005
590 1020
591 1002
592 1017
593 994
594 968
595 994
596 1020
597 972
598 945
599 999
600 996
601 993
602 1040
603 977
604 999
605 1020
606 1003
607 1032
608 963
609 974
610 1064
611 972
612 1027
613 963
614 1026
615 1020
616 1046
617 1046
618 1012
619 979
620 985
621 1013
622 1052
623 945
624 1026
625 978
626 994
627 1027
628 993
629 1037
630 996
631 1036
632 1032
633 1039
634 1011
635 1015
636 980
637 1055
638 1011
639 1016
640 958
641 1011
642 999
643 978
644 945
645 993
646 1000
647 1000
648 984
649 994
650 1048
651 956
652 1002
653 986
654 1001
655 968
656 973
657 990
658 995
659 1051
660 1015
661 998
662 954
663 1008
664 1053
665 986
666 1024
667 1003
668 958
669 1011
670 1010
671 1017
672 1058
673 1046
674 1017
675 1033
676 1034
677 1042
678 990
679 1001
680 968
681 978
682 1075
683 1006
684 1031
685 1047
686 1002
687 1029
688 968
689 1009
690 984
691 924
692 1031
693 1023
694 1022
695 1002
696 1045
697 977
698 930
699 1015
700 972
701 1002
702 983
703 1046
704 956
705 968
706 1000
707 1000
708 1007
709 972
710 965
711 991
712 961
713 976
714 945
715 1038
716 960
717 988
718 1058
719 971
720 1025
721 960
722 1019
723 995
724 993
725 991
726 997
727 1006
728 969
729 951
730 1030
731 981
732 1025
733 998
734 1025
735 1029
736 1000
737 1033
738 902
739 1063
740 989
741 1066
742 975
743 1033
744 1034
745 1043
746 1058
747 935
748 976
749 981
750 995
751 1001
752 994
753 952
754 998
755 967
756 1022
757 984
758 996
759 982
760 987
761 1041
762 1012
763 1014
764 1005
765 1016
766 1004
767 1047
768 1015
769 1000
770 984
771 985
772 1006
773 998
774 994
775 1022
776 987
777 964
778 1009
779 988
780 997
781 986
782 988
783 972
784 1013
785 978
786 943
787 1008
788 989
789 985
790 1051
791 1070
792 1080
793 979
794 1013
795 968
796 1022
797 991
798 976
799 999
800 988
801 1017
802 966
803 983
804 984
805 971
806 1022
807 1031
808 1064
809 1011
810 1013
811 1000
812 1023
813 1019
814 999
815 962
816 994
817 1057
818 1007
819 1047
820 948
821 997
822 951
823 1007
824 972
825 993
826 1060
827 985
828 985
829 996
830 986
831 1014
832 999
833 1085
834 992
835 1013
836 984
837 1024
838 975
839 994
840 1057
841 991
842 985
843 1002
844 1012
845 1049
846 1012
847 958
848 960
849 977
850 1031
851 989
852 992
853 1011
854 966
855 1041
856 1029
857 965
858 989
859 1034
860 961
861 993
862 970
863 1040
864 975
865 1043
866 1012
867 1046
868 1007
869 998
870 946
871 967
872 999
873 1069
874 1042
875 1012
876 968
877 1068
878 1010
879 978
880 1037
881 1018
882 960
883 1002
884 1018
885 993
886 1021
887 983
888 1049
889 1042
890 985
891 971
892 1041
893 983
894 921
895 1008
896 1028
897 1022
898 982
899 955
900 1002
901 1008
902 976
903 920
904 1045
905 1003
906 1016
907 1037
908 960
909 991
910 988
911 988
912 1046
913 956
914 1036
915 1039
916 1014
917 1033
918 1037
919 1021
920 995
921 966
922 1002
923 1009
924 1067
925 987
926 936
927 980
928 1026
929 991
930 995
931 988
932 1014
933 1046
934 967
935 1006
936 998
937 947
938 928
939 1016
940 1017
941 980
942 959
943 938
944 994
945 983
946 986
947 985
948 1017
949 954
950 1026
951 994
952 1034
953 1021
954 958
955 1000
956 987
957 1025
958 992
959 1045
960 1018
961 1021
962 1015
963 1024
964 978
965 967
966 930
967 1041
968 1013
969 1010
970 993
971 976
972 994
973 1010
974 921
975 1024
976 1014
977 1052
978 1041
979 947
980 1030
981 1014
982 1030
983 976
984 1028
985 984
986 973
987 1055
988 942
989 976
990 973
991 1032
992 1052
993 976
994 991
995 1064
996 1031
997 1007
998 1028
999 921
