0 0.000003
10000 0.001642
20000 0.002113
30000 0.002606
40000 0.003577
50000 0.004210
60000 0.005178
70000 0.006396
80000 0.007258
90000 0.008057
100000 0.009021
110000 0.009646
120000 0.010667
130000 0.011893
140000 0.012538
150000 0.013722
160000 0.014628
170000 0.015306
180000 0.016469
190000 0.017314
200000 0.018500
210000 0.019407
220000 0.020891
230000 0.021823
240000 0.023680
250000 0.023765
260000 0.024389
270000 0.025100
280000 0.027502
290000 0.027375
300000 0.028078
310000 0.029096
320000 0.031347
330000 0.032218
340000 0.031820
350000 0.036158
360000 0.037457
370000 0.036842
380000 0.037893
390000 0.038310
400000 0.039286
410000 0.038936
420000 0.040051
430000 0.041264
440000 0.042317
450000 0.042989
460000 0.043837
470000 0.045076
480000 0.045853
490000 0.046945
500000 0.047799
510000 0.049021
520000 0.050188
530000 0.054510
540000 0.057781
550000 0.056168
560000 0.054387
570000 0.055591
580000 0.058542
590000 0.057712
600000 0.058387
610000 0.060140
620000 0.060717
630000 0.061974
640000 0.064979
650000 0.065474
660000 0.065933
670000 0.073331
680000 0.070551
690000 0.070707
700000 0.071319
710000 0.073462
720000 0.075860
730000 0.073839
740000 0.074431
750000 0.074575
760000 0.076191
770000 0.076952
780000 0.085329
790000 0.084251
800000 0.081804
810000 0.083564
820000 0.083510
830000 0.082614
840000 0.083015
850000 0.086144
860000 0.091827
870000 0.088493
880000 0.096309
890000 0.093435
900000 0.092935
910000 0.090861
920000 0.092016
930000 0.092190
940000 0.095824
950000 0.096021
960000 0.102474
970000 0.103793
980000 0.100354
990000 0.100159
1000000 0.103158
