0 0.000001
10000 0.001082
20000 0.001868
30000 0.002595
40000 0.003502
50000 0.004498
60000 0.005422
70000 0.006427
80000 0.007407
90000 0.008321
100000 0.009245
110000 0.010390
120000 0.011453
130000 0.012219
140000 0.013361
150000 0.014436
160000 0.015787
170000 0.016673
180000 0.017472
190000 0.018500
200000 0.019539
210000 0.020481
220000 0.021596
230000 0.022624
240000 0.023526
250000 0.024669
260000 0.025653
270000 0.026837
280000 0.027753
290000 0.028960
300000 0.030005
310000 0.031212
320000 0.032268
330000 0.032969
340000 0.034167
350000 0.039417
360000 0.039368
370000 0.038702
380000 0.039357
390000 0.039448
400000 0.040811
410000 0.041531
420000 0.042774
430000 0.043987
440000 0.044720
450000 0.046182
460000 0.047255
470000 0.048374
480000 0.049373
490000 0.050717
500000 0.051419
510000 0.052569
520000 0.053558
530000 0.060452
540000 0.058340
550000 0.057305
560000 0.058074
570000 0.058974
580000 0.060201
590000 0.061598
600000 0.062202
610000 0.063606
620000 0.065230
630000 0.065831
640000 0.066544
650000 0.068285
660000 0.075863
670000 0.072622
680000 0.071859
690000 0.072631
700000 0.073785
710000 0.075379
720000 0.075622
730000 0.077523
740000 0.077774
750000 0.078747
760000 0.079948
770000 0.091022
780000 0.086788
790000 0.084213
800000 0.084098
810000 0.086310
820000 0.087050
830000 0.088661
840000 0.089306
850000 0.090574
860000 0.091733
870000 0.100323
880000 0.095379
890000 0.096080
900000 0.096032
910000 0.096742
920000 0.097819
930000 0.099365
940000 0.100227
950000 0.110455
960000 0.107758
970000 0.103091
980000 0.105055
990000 0.106498
1000000 0.107612
