0 0.000001
10000 0.002124
20000 0.002643
30000 0.003160
40000 0.004123
50000 0.005392
60000 0.006656
70000 0.007674
80000 0.008457
90000 0.009787
100000 0.011002
110000 0.011866
120000 0.013526
130000 0.014197
140000 0.015547
150000 0.016722
160000 0.018221
170000 0.019240
180000 0.019992
190000 0.023600
200000 0.024646
210000 0.024977
220000 0.026001
230000 0.027310
240000 0.027382
250000 0.028511
260000 0.030544
270000 0.033463
280000 0.033486
290000 0.034745
300000 0.035154
310000 0.036218
320000 0.037505
330000 0.038336
340000 0.039326
350000 0.042849
360000 0.042117
370000 0.043222
380000 0.044583
390000 0.046266
400000 0.047566
410000 0.048188
420000 0.051300
430000 0.055278
440000 0.055755
450000 0.054134
460000 0.054334
470000 0.057159
480000 0.056588
490000 0.057454
500000 0.059364
510000 0.060682
520000 0.063220
530000 0.064057
540000 0.063610
550000 0.065673
560000 0.067181
570000 0.074957
580000 0.073765
590000 0.071343
600000 0.073026
610000 0.073524
620000 0.074528
630000 0.075328
640000 0.076281
650000 0.077285
660000 0.078513
670000 0.079794
680000 0.081568
690000 0.090046
700000 0.084711
710000 0.087251
720000 0.086966
730000 0.089597
740000 0.090237
750000 0.091227
760000 0.092872
770000 0.093840
780000 0.096030
790000 0.101029
800000 0.099749
810000 0.099218
820000 0.102059
830000 0.102505
840000 0.102657
850000 0.103728
860000 0.104001
870000 0.112267
880000 0.111810
890000 0.109390
900000 0.111229
910000 0.111489
920000 0.112111
930000 0.114543
940000 0.119479
950000 0.127241
960000 0.127059
970000 0.123081
980000 0.121164
990000 0.122378
1000000 0.124008
