0 0.0000012
10000 0.0016856
20000 0.0028702
30000 0.0044344
40000 0.0061830
50000 0.0077590
60000 0.0091282
70000 0.0106426
80000 0.0125004
90000 0.0144876
100000 0.0162760
110000 0.0175924
120000 0.0189338
130000 0.0206782
140000 0.0225234
150000 0.0239394
160000 0.0258868
170000 0.0276592
180000 0.0292568
190000 0.0307330
200000 0.0326968
210000 0.0343960
220000 0.0377590
230000 0.0383924
240000 0.0398002
250000 0.0417706
260000 0.0434074
270000 0.0453024
280000 0.0471810
290000 0.0503804
300000 0.0515094
310000 0.0534208
320000 0.0554860
330000 0.0576218
340000 0.0625492
350000 0.0659312
360000 0.0652992
370000 0.0656396
380000 0.0660230
390000 0.0685692
400000 0.0718042
410000 0.0725986
420000 0.0740560
430000 0.0772152
440000 0.0796470
450000 0.0804998
460000 0.0825262
470000 0.0841692
480000 0.0866886
490000 0.0977302
500000 0.0921144
510000 0.0924574
520000 0.0943300
530000 0.0961024
540000 0.0988964
550000 0.0992760
560000 0.1027942
570000 0.1039682
580000 0.1076090
590000 0.1099574
600000 0.1190686
610000 0.1133242
620000 0.1139064
630000 0.1156890
640000 0.1179330
650000 0.1196804
660000 0.1224700
670000 0.1235018
680000 0.1280872
690000 0.1404220
700000 0.1297880
710000 0.1318188
720000 0.1354000
730000 0.1374462
740000 0.1391914
750000 0.1388072
760000 0.1412972
770000 0.1562210
780000 0.1450496
790000 0.1477318
800000 0.1497164
810000 0.1523978
820000 0.1543374
830000 0.1584518
840000 0.1687876
850000 0.1602294
860000 0.1624038
870000 0.1634378
880000 0.1673506
890000 0.1695918
900000 0.1755528
910000 0.1812696
920000 0.1740584
930000 0.1787022
940000 0.1781878
950000 0.1806828
960000 0.1845246
970000 0.2003988
980000 0.1858414
990000 0.1886512
1000000 0.1912176
