0 0.0000018
10000 0.0014938
20000 0.0020572
30000 0.0025350
40000 0.0034606
50000 0.0042662
60000 0.0052808
70000 0.0063496
80000 0.0071710
90000 0.0079338
100000 0.0087372
110000 0.0098000
120000 0.0105904
130000 0.0116876
140000 0.0124430
150000 0.0139366
160000 0.0143420
170000 0.0153380
180000 0.0164940
190000 0.0176032
200000 0.0184790
210000 0.0192548
220000 0.0199562
230000 0.0209194
240000 0.0220856
250000 0.0229834
260000 0.0242166
270000 0.0249796
280000 0.0260850
290000 0.0269800
300000 0.0281110
310000 0.0288522
320000 0.0298938
330000 0.0311728
340000 0.0373208
350000 0.0347444
360000 0.0354082
370000 0.0349848
380000 0.0359106
390000 0.0368516
400000 0.0380956
410000 0.0390498
420000 0.0401802
430000 0.0409926
440000 0.0418762
450000 0.0430402
460000 0.0439930
470000 0.0452528
480000 0.0461342
490000 0.0470652
500000 0.0479144
510000 0.0492120
520000 0.0536848
530000 0.0540488
540000 0.0549740
550000 0.0559490
560000 0.0552892
570000 0.0558808
580000 0.0565580
590000 0.0581146
600000 0.0585284
610000 0.0606058
620000 0.0627630
630000 0.0645450
640000 0.0642362
650000 0.0679162
660000 0.0714882
670000 0.0701950
680000 0.0705936
690000 0.0705576
700000 0.0721250
710000 0.0735258
720000 0.0750288
730000 0.0743572
740000 0.0755292
750000 0.0777002
760000 0.0833428
770000 0.0826456
780000 0.0815254
790000 0.0797338
800000 0.0810842
810000 0.0816544
820000 0.0838710
830000 0.0857382
840000 0.0849254
850000 0.0856362
860000 0.0943986
870000 0.0892826
880000 0.0898272
890000 0.0902782
900000 0.0909936
910000 0.0913798
920000 0.0923294
930000 0.0963768
940000 0.0966644
950000 0.1056030
960000 0.0980514
970000 0.1037498
980000 0.1036128
990000 0.1027702
1000000 0.1062978
