0 0.0000010
10000 0.0021510
20000 0.0031966
30000 0.0049712
40000 0.0067014
50000 0.0081884
60000 0.0099632
70000 0.0116768
80000 0.0136646
90000 0.0156298
100000 0.0170598
110000 0.0188306
120000 0.0198084
130000 0.0216566
140000 0.0232676
150000 0.0249684
160000 0.0265410
170000 0.0287482
180000 0.0308830
190000 0.0322658
200000 0.0341726
210000 0.0357878
220000 0.0374558
230000 0.0390536
240000 0.0409480
250000 0.0426204
260000 0.0450138
270000 0.0462432
280000 0.0483024
290000 0.0497054
300000 0.0517030
310000 0.0539294
320000 0.0553052
330000 0.0570892
340000 0.0655148
350000 0.0643114
360000 0.0637834
370000 0.0638494
380000 0.0656706
390000 0.0674628
400000 0.0694258
410000 0.0710216
420000 0.0730282
430000 0.0747698
440000 0.0764904
450000 0.0793920
460000 0.0807730
470000 0.0830100
480000 0.0843882
490000 0.0958330
500000 0.0903036
510000 0.0899410
520000 0.0916708
530000 0.0934442
540000 0.0954088
550000 0.0974246
560000 0.0993734
570000 0.1013512
580000 0.1027804
590000 0.1050486
600000 0.1159158
610000 0.1111118
620000 0.1103224
630000 0.1123512
640000 0.1135256
650000 0.1155594
660000 0.1173804
670000 0.1196744
680000 0.1208824
690000 0.1308642
700000 0.1278236
710000 0.1271042
720000 0.1291848
730000 0.1301864
740000 0.1323500
750000 0.1357512
760000 0.1357510
770000 0.1432658
780000 0.1457036
790000 0.1411372
800000 0.1440050
810000 0.1447896
820000 0.1483230
830000 0.1506966
840000 0.1566298
850000 0.1680382
860000 0.1586576
870000 0.1608954
880000 0.1617234
890000 0.1636290
900000 0.1685360
910000 0.1688596
920000 0.1790138
930000 0.1711630
940000 0.1731828
950000 0.1763270
960000 0.1785220
970000 0.1825978
980000 0.1947560
990000 0.1922862
1000000 0.1934654
