0 0.0000026
10000 0.0027752
20000 0.0031612
30000 0.0040188
40000 0.0052242
50000 0.0068370
60000 0.0083650
70000 0.0096952
80000 0.0111528
90000 0.0122266
100000 0.0138214
110000 0.0151888
120000 0.0170162
130000 0.0184734
140000 0.0203642
150000 0.0219790
160000 0.0227702
170000 0.0242256
180000 0.0260472
190000 0.0271866
200000 0.0289594
210000 0.0303616
220000 0.0319184
230000 0.0335506
240000 0.0349406
250000 0.0391698
260000 0.0428896
270000 0.0418664
280000 0.0435336
290000 0.0432410
300000 0.0449200
310000 0.0460978
320000 0.0484932
330000 0.0495018
340000 0.0508090
350000 0.0523414
360000 0.0539080
370000 0.0555972
380000 0.0572138
390000 0.0588432
400000 0.0606408
410000 0.0623312
420000 0.0637954
430000 0.0652196
440000 0.0735858
450000 0.0719240
460000 0.0715772
470000 0.0734590
480000 0.0740796
490000 0.0765112
500000 0.0766914
510000 0.0788418
520000 0.0804606
530000 0.0834598
540000 0.0844302
550000 0.0888442
560000 0.0885204
570000 0.0979544
580000 0.0935374
590000 0.0937272
600000 0.0951090
610000 0.0953832
620000 0.0965620
630000 0.0986460
640000 0.1000960
650000 0.1016278
660000 0.1035262
670000 0.1088404
680000 0.1119128
690000 0.1081014
700000 0.1095420
710000 0.1113842
720000 0.1133758
730000 0.1147674
740000 0.1164250
750000 0.1179158
760000 0.1259492
770000 0.1281502
780000 0.1232974
790000 0.1276810
800000 0.1295830
810000 0.1301822
820000 0.1327468
830000 0.1385052
840000 0.1416566
850000 0.1452186
860000 0.1452904
870000 0.1448266
880000 0.1441444
890000 0.1461160
900000 0.1463026
910000 0.1481292
920000 0.1628866
930000 0.1595646
940000 0.1548712
950000 0.1559854
960000 0.1592490
970000 0.1565396
980000 0.1665692
990000 0.1709348
1000000 0.1662204
