0 0.0000046
10000 0.0001460
20000 0.0002454
30000 0.0003124
40000 0.0003930
50000 0.0004794
60000 0.0005910
70000 0.0007206
80000 0.0007592
90000 0.0008362
100000 0.0009438
110000 0.0010474
120000 0.0011370
130000 0.0012470
140000 0.0013572
150000 0.0014410
160000 0.0015028
170000 0.0015918
180000 0.0017260
190000 0.0018958
200000 0.0019724
210000 0.0020420
220000 0.0021406
230000 0.0021820
240000 0.0022652
250000 0.0023432
260000 0.0024788
270000 0.0027494
280000 0.0028884
290000 0.0031394
300000 0.0029836
310000 0.0031096
320000 0.0031578
330000 0.0031314
340000 0.0032356
350000 0.0033810
360000 0.0034292
370000 0.0035188
380000 0.0039718
390000 0.0038206
400000 0.0038896
410000 0.0038892
420000 0.0039704
430000 0.0039854
440000 0.0041868
450000 0.0042486
460000 0.0043506
470000 0.0044572
480000 0.0045258
490000 0.0046572
500000 0.0048282
510000 0.0048390
520000 0.0049788
530000 0.0051104
540000 0.0052302
550000 0.0051930
560000 0.0055202
570000 0.0057558
580000 0.0061624
590000 0.0059016
600000 0.0060194
610000 0.0060150
620000 0.0061072
630000 0.0061014
640000 0.0062390
650000 0.0061934
660000 0.0066990
670000 0.0067390
680000 0.0065482
690000 0.0068578
700000 0.0068930
710000 0.0068304
720000 0.0069830
730000 0.0071370
740000 0.0074330
750000 0.0075284
760000 0.0081516
770000 0.0077882
780000 0.0079284
790000 0.0078732
800000 0.0080168
810000 0.0086972
820000 0.0082290
830000 0.0082292
840000 0.0083282
850000 0.0082804
860000 0.0082796
870000 0.0082792
880000 0.0084634
890000 0.0084380
900000 0.0087274
910000 0.0095110
920000 0.0093608
930000 0.0094590
940000 0.0092954
950000 0.0095030
960000 0.0095214
970000 0.0094388
980000 0.0094066
990000 0.0094756
1000000 0.0095776
