0 0.0000014
10000 0.0022354
20000 0.0068476
30000 0.0126398
40000 0.0185172
50000 0.0241568
60000 0.0292168
70000 0.0335528
80000 0.0386886
90000 0.0405856
100000 0.0437680
110000 0.0466754
120000 0.0496696
130000 0.0521942
140000 0.0535510
150000 0.0537852
160000 0.0553696
170000 0.0571466
180000 0.0583710
190000 0.0615234
200000 0.0625662
210000 0.0601566
220000 0.0607120
230000 0.0614726
240000 0.0631826
250000 0.0618928
260000 0.0638924
270000 0.0643632
280000 0.0654080
290000 0.0650254
300000 0.0654742
310000 0.0655400
320000 0.0660780
330000 0.0669734
340000 0.0677384
350000 0.0686684
360000 0.0691916
370000 0.0732002
380000 0.0763056
390000 0.0748260
400000 0.0722276
410000 0.0740238
420000 0.0741404
430000 0.0749144
440000 0.0753480
450000 0.0765426
460000 0.0779672
470000 0.0783300
480000 0.0783574
490000 0.0786190
500000 0.0799090
510000 0.0899588
520000 0.0862030
530000 0.0851188
540000 0.0891598
550000 0.0852626
560000 0.0873404
570000 0.0935472
580000 0.0930094
590000 0.0924450
600000 0.0913550
610000 0.0914286
620000 0.0987812
630000 0.1042410
640000 0.1049080
650000 0.1020136
660000 0.0990938
670000 0.0999570
680000 0.1019794
690000 0.1026860
700000 0.1041810
710000 0.1059270
720000 0.1109862
730000 0.1174994
740000 0.1103260
750000 0.1106914
760000 0.1125268
770000 0.1147078
780000 0.1150392
790000 0.1165078
800000 0.1176468
810000 0.1298878
820000 0.1236146
830000 0.1226032
840000 0.1240518
850000 0.1257878
860000 0.1268276
870000 0.1279886
880000 0.1347710
890000 0.1410104
900000 0.1334958
910000 0.1347884
920000 0.1370008
930000 0.1400432
940000 0.1403340
950000 0.1431820
960000 0.1538450
970000 0.1459046
980000 0.1463418
990000 0.1486050
1000000 0.1502726
