0 0.0000014
10000 0.0016050
20000 0.0021334
30000 0.0025756
40000 0.0034002
50000 0.0043796
60000 0.0052884
70000 0.0061878
80000 0.0071146
90000 0.0080274
100000 0.0091902
110000 0.0099414
120000 0.0108960
130000 0.0121920
140000 0.0128888
150000 0.0139168
160000 0.0148890
170000 0.0157916
180000 0.0177756
190000 0.0207862
200000 0.0208854
210000 0.0205702
220000 0.0214638
230000 0.0220916
240000 0.0228010
250000 0.0235966
260000 0.0248398
270000 0.0256160
280000 0.0267076
290000 0.0276836
300000 0.0288434
310000 0.0296244
320000 0.0306770
330000 0.0316570
340000 0.0327200
350000 0.0341426
360000 0.0346564
370000 0.0357570
380000 0.0371614
390000 0.0381360
400000 0.0395000
410000 0.0406420
420000 0.0418042
430000 0.0423440
440000 0.0490560
450000 0.0468844
460000 0.0463264
470000 0.0468242
480000 0.0474658
490000 0.0491848
500000 0.0492860
510000 0.0511254
520000 0.0520704
530000 0.0531326
540000 0.0539490
550000 0.0556648
560000 0.0566322
570000 0.0579588
580000 0.0585186
590000 0.0652956
600000 0.0621928
610000 0.0620974
620000 0.0631138
630000 0.0638686
640000 0.0639320
650000 0.0651880
660000 0.0662360
670000 0.0676744
680000 0.0684826
690000 0.0707140
700000 0.0706186
710000 0.0783010
720000 0.0746902
730000 0.0735710
740000 0.0752702
750000 0.0765510
760000 0.0777978
770000 0.0782454
780000 0.0795332
790000 0.0799704
800000 0.0820730
810000 0.0879746
820000 0.0851678
830000 0.0847282
840000 0.0852040
850000 0.0864172
860000 0.0876236
870000 0.0882338
880000 0.0899638
890000 0.0917572
900000 0.1006106
910000 0.0966390
920000 0.0948160
930000 0.0954238
940000 0.0970636
950000 0.0987184
960000 0.0984728
970000 0.0992324
980000 0.1043552
990000 0.1063994
1000000 0.1030574
