0 0.0000008
10000 0.0017688
20000 0.0022322
30000 0.0026846
40000 0.0036684
50000 0.0043350
60000 0.0054298
70000 0.0065750
80000 0.0075112
90000 0.0081440
100000 0.0090876
110000 0.0099882
120000 0.0110406
130000 0.0120416
140000 0.0128836
150000 0.0138692
160000 0.0152442
170000 0.0161882
180000 0.0174292
190000 0.0186194
200000 0.0193524
210000 0.0201654
220000 0.0208916
230000 0.0216980
240000 0.0231748
250000 0.0248662
260000 0.0263660
270000 0.0263984
280000 0.0275718
290000 0.0298498
300000 0.0299600
310000 0.0308010
320000 0.0335286
330000 0.0327886
340000 0.0340016
350000 0.0374148
360000 0.0376364
370000 0.0380186
380000 0.0389916
390000 0.0388286
400000 0.0400030
410000 0.0410320
420000 0.0424142
430000 0.0431530
440000 0.0440796
450000 0.0450652
460000 0.0455978
470000 0.0466468
480000 0.0472982
490000 0.0485562
500000 0.0509454
510000 0.0511690
520000 0.0513516
530000 0.0562584
540000 0.0571578
550000 0.0568346
560000 0.0566286
570000 0.0580442
580000 0.0584984
590000 0.0600262
600000 0.0605268
610000 0.0617190
620000 0.0627722
630000 0.0638702
640000 0.0647104
650000 0.0669272
660000 0.0733568
670000 0.0723360
680000 0.0729108
690000 0.0714836
700000 0.0728846
710000 0.0738328
720000 0.0753188
730000 0.0744394
740000 0.0758382
750000 0.0776228
760000 0.0789550
770000 0.0828566
780000 0.0841438
790000 0.0821034
800000 0.0815030
810000 0.0827482
820000 0.0842252
830000 0.0854404
840000 0.0856998
850000 0.0868870
860000 0.0890880
870000 0.0965172
880000 0.0925984
890000 0.0920950
900000 0.0936430
910000 0.0937972
920000 0.0947672
930000 0.0948568
940000 0.0969138
950000 0.1041040
960000 0.1043480
970000 0.1021020
980000 0.1025210
990000 0.1028462
1000000 0.1074798
