0 0.0000008
10000 0.0006578
20000 0.0013916
30000 0.0021534
40000 0.0029414
50000 0.0037380
60000 0.0046306
70000 0.0053756
80000 0.0062896
90000 0.0071716
100000 0.0078864
110000 0.0087178
120000 0.0095802
130000 0.0104516
140000 0.0115102
150000 0.0121450
160000 0.0131810
170000 0.0139454
180000 0.0149106
190000 0.0156416
200000 0.0165806
210000 0.0175236
220000 0.0184320
230000 0.0194776
240000 0.0202878
250000 0.0211230
260000 0.0219558
270000 0.0229350
280000 0.0238246
290000 0.0247246
300000 0.0257914
310000 0.0265576
320000 0.0279206
330000 0.0284282
340000 0.0325016
350000 0.0335200
360000 0.0322756
370000 0.0330216
380000 0.0331070
390000 0.0341106
400000 0.0350344
410000 0.0359888
420000 0.0367564
430000 0.0379460
440000 0.0386914
450000 0.0397768
460000 0.0403910
470000 0.0415636
480000 0.0424658
490000 0.0432562
500000 0.0441258
510000 0.0453344
520000 0.0461118
530000 0.0516734
540000 0.0502474
550000 0.0507872
560000 0.0500876
570000 0.0512284
580000 0.0518762
590000 0.0532466
600000 0.0540552
610000 0.0549288
620000 0.0555564
630000 0.0570156
640000 0.0578690
650000 0.0585920
660000 0.0595274
670000 0.0678082
680000 0.0632128
690000 0.0622970
700000 0.0634912
710000 0.0643418
720000 0.0654402
730000 0.0666652
740000 0.0672594
750000 0.0683756
760000 0.0695052
770000 0.0702852
780000 0.0785474
790000 0.0741504
800000 0.0735272
810000 0.0743078
820000 0.0750290
830000 0.0763042
840000 0.0771198
850000 0.0782518
860000 0.0800926
870000 0.0798714
880000 0.0875612
890000 0.0839278
900000 0.0845930
910000 0.0871830
920000 0.0859142
930000 0.0866856
940000 0.0894268
950000 0.0904792
960000 0.0924918
970000 0.0940740
980000 0.0940708
990000 0.0956672
1000000 0.0954606
